code	20160331	20160630	20160930
000001.SZ	0.0349	0.0696	0.1041
000002.SZ	0.0083	0.0542	0.0824
000004.SZ	-0.0298	0.036	0.1654
000005.SZ	-0.0059	0.1048	0.11
000006.SZ	0.0111	0.0234	0.0262
000007.SZ	0.0205	0.0288	0.0462
000008.SZ	0.0027	0.0098	0.0498
000009.SZ	0.0067	0.0161	0.0467
000010.SZ	-0.0151	0.012	0.01
000011.SZ	0.0003	-0.0025	-0.0035
000012.SZ	0.0257	0.0599	0.0903
000014.SZ	-0.0068	-0.0148	-0.025
000016.SZ	0.003	0.0046	-0.0159
000017.SZ	0.0124	0.0374	0.1625
000018.SZ	0.0579	0.1447	0.2095
000019.SZ	-0.0066	-0.0163	-0.0299
000020.SZ	0.0015	0.0231	0.0144
000021.SZ	0.0287	0.0414	0.0574
000022.SZ	0.0269	0.06	0.0945
000023.SZ	-0.0011	0.0202	0.0215
000025.SZ	0.0071	0.0202	0.0297
000026.SZ	0.0118	0.0262	0.0464
000027.SZ	0.0095	0.04	0.062
000028.SZ	0.0358	0.0956	0.1255
000029.SZ	0.0133	0.0562	0.0967
000030.SZ	0.0329	0.0773	0.107
000031.SZ	0.0314	0.0278	0.0134
000032.SZ	0.0124	0.0275	0.0406
000033.SZ	0.1625	0.1896	0.4216
000034.SZ	-0.0046	0.1885	0.2416
000035.SZ	0.0193	0.0382	0.0705
000036.SZ	0.0446	0.192	0.2094
000037.SZ	-0.0755	-0.0929	-0.1062
000038.SZ	0.0319	0.0352	0.0433
000039.SZ	0.0143	-0.0135	-0.0067
000040.SZ	0.0223	0.0132	0.0214
000042.SZ	0.0079	0.0048	0.0145
000043.SZ	-0.0404	0.0009	-0.0067
000045.SZ	-0.0047	-0.0139	-0.0244
000046.SZ	0.0138	0.07	0.1364
000048.SZ	0.0105	0.0201	0.0409
000049.SZ	0.0409	0.0762	0.1358
000050.SZ	0.0068	0.0198	0.0281
000055.SZ	0.0167	0.0406	0.0728
000056.SZ	0.0041	0.0101	0.0148
000058.SZ	0.0119	0.0182	0.0285
000059.SZ	0.0507	0.0971	0.1241
000060.SZ	-0.0072	0.0059	0.0219
000061.SZ	0.0009	0.0068	0.0438
000062.SZ	0.0162	0.0355	0.0726
000063.SZ	0.0318	0.0583	0.0932
000065.SZ	0.0162	0.0554	0.0792
000066.SZ	-0.0076	-0.0028	0.0102
000068.SZ	-0.0214	-0.0391	-0.0521
000069.SZ	0.0157	0.0413	0.075
000070.SZ	0.0222	0.0494	0.0773
000078.SZ	0.0215	0.0298	0.0663
000088.SZ	0.0135	0.0283	0.048
000089.SZ	0.013	0.0256	0.0394
000090.SZ	0.007	0.0292	0.0363
000096.SZ	0.004	0.0402	0.0512
000099.SZ	0.0065	0.015	0.0271
000100.SZ	0.0107	0.0251	0.062
000150.SZ	0.4481	0.4377	0.4497
000151.SZ	0.0236	0.0558	0.0761
000153.SZ	0.0057	0.0231	0.0374
000155.SZ	None	None	None
000156.SZ	0.0158	0.0315	0.0485
000157.SZ	-0.0167	-0.0216	-0.0208
000158.SZ	-0.005	-0.0034	-0.0109
000159.SZ	-0.0114	-0.0072	0.0054
000166.SZ	0.0209	0.0425	0.0763
000301.SZ	0.0114	0.0274	0.0449
000333.SZ	0.0758	0.1817	0.2381
000338.SZ	0.0139	0.033	0.0478
000400.SZ	0.0057	0.0174	0.0385
000401.SZ	-0.084	-0.0976	-0.0464
000402.SZ	0.0301	0.0297	0.0315
000403.SZ	0.0347	0.0811	0.1105
000404.SZ	0.0222	0.0554	0.0785
000407.SZ	0.0293	0.0087	0.0092
000408.SZ	0.0038	0.6414	0.1674
000409.SZ	0.0049	0.0027	0.0018
000410.SZ	-0.0623	-0.2416	-0.4804
000411.SZ	0.0269	0.058	0.0848
000413.SZ	0.024	0.0378	0.0444
000415.SZ	0.0079	0.0264	0.051
000416.SZ	-0.0129	-0.004	0.0114
000417.SZ	0.0281	0.0538	0.0669
000418.SZ	0.0599	0.1107	0.1684
000419.SZ	0.0181	0.0398	0.0441
000420.SZ	0.0026	0.0042	0.0122
000421.SZ	0.0277	0.0511	0.0557
000422.SZ	0.0019	0.0023	0.0027
000423.SZ	0.0747	0.1157	0.1666
000425.SZ	0.0005	0.0062	0.0081
000426.SZ	-0.0014	0.0086	0.0352
000428.SZ	-0.0182	-0.0278	-0.0394
000429.SZ	0.0244	0.078	0.1202
000430.SZ	0.0032	0.0561	0.147
000488.SZ	0.0221	0.0519	0.08
000498.SZ	-0.0007	0.0428	0.0786
000501.SZ	0.0547	0.1068	0.1431
000502.SZ	-0.0879	-0.1375	-0.2127
000503.SZ	-0.0194	-0.0412	-0.0636
000504.SZ	None	None	None
000505.SZ	None	None	None
000506.SZ	0.0113	0.0027	0.0044
000507.SZ	0.0098	0.0284	0.0328
000509.SZ	-0.1593	-0.5233	-0.7896
000510.SZ	0.0019	0.011	0.0239
000511.SZ	0.0005	-0.0384	-0.0576
000513.SZ	0.0516	0.0908	0.1155
000514.SZ	-0.0017	0.0019	0.0039
000516.SZ	0.0161	0.0395	0.0572
000517.SZ	0.0007	0.005	0.0057
000518.SZ	-0.0016	-0.0081	0.0169
000519.SZ	0.0024	0.0071	0.011
000520.SZ	0.0099	-0.0638	-0.0125
000521.SZ	0.0158	0.0322	0.048
000523.SZ	0.0036	0.0087	0.0143
000524.SZ	0.0107	0.0349	0.0473
000525.SZ	0.0063	0.0133	0.0091
000526.SZ	-0.0043	-0.0838	-0.2855
000528.SZ	0.0017	0.0018	0.0007
000529.SZ	0.0169	0.0397	0.067
000530.SZ	0.0098	0.0235	0.0454
000531.SZ	0.0297	0.0647	0.1163
000532.SZ	0.0093	0.0331	0.0432
000533.SZ	0.0216	0.0327	0.0116
000534.SZ	-0.0205	0.0668	0.0515
000536.SZ	0.0209	0.1331	0.0516
000537.SZ	0.0315	0.0455	0.1207
000538.SZ	0.0453	0.1005	0.165
000539.SZ	0.0046	0.0315	0.0619
000540.SZ	0.0787	0.1292	0.1534
000541.SZ	0.0213	0.0399	0.0557
000543.SZ	0.038	0.0584	0.0845
000544.SZ	0.0034	0.0498	0.0814
000545.SZ	0.0088	0.0191	0.0269
000546.SZ	-0.0107	0.0419	0.1132
000547.SZ	0.0092	0.0171	0.0285
000548.SZ	0.0009	0.0312	0.0395
000550.SZ	0.0339	0.0593	0.0905
000551.SZ	0.0092	0.0291	0.0402
000552.SZ	0.0085	0.0124	0.0195
000553.SZ	0.0038	0.008	0.0098
000554.SZ	0.0001	0.0013	0.0033
000555.SZ	0.0039	0.0243	0.0375
000557.SZ	-0.0118	-0.0295	-0.0315
000558.SZ	0.0129	0.0179	0.0163
000559.SZ	0.0537	0.117	0.1479
000560.SZ	0.0044	0.0097	0.0164
000561.SZ	-0.0055	0.0346	0.0666
000563.SZ	0.0191	0.0371	0.046
000564.SZ	0.01	0.0143	0.0016
000565.SZ	0.0154	0.0428	0.067
000566.SZ	0.0254	0.0487	0.0438
000567.SZ	0.0098	0.0052	0.0074
000568.SZ	0.0563	0.1086	0.1443
000570.SZ	0.0122	0.0176	0.0258
000571.SZ	0.0088	0.0165	0.0291
000572.SZ	0.0113	0.0236	0.0282
000573.SZ	0.005	0.0118	0.0157
000576.SZ	-0.0123	-0.0293	-0.0611
000581.SZ	0.0339	0.0788	0.1078
000582.SZ	0.0156	0.0437	0.0637
000584.SZ	-0.0131	-0.0175	-0.0212
000585.SZ	-0.0158	-0.0452	-0.0815
000586.SZ	-0.0071	0.0029	0.0115
000587.SZ	0.02	0.0626	0.0884
000589.SZ	-0.0019	-0.0146	0.002
000590.SZ	0.0635	0.0564	0.0582
000591.SZ	0.0048	0.0261	0.0478
000592.SZ	0.0004	0.0063	0.0068
000593.SZ	0.0031	0.0073	0.0051
000595.SZ	-0.0058	-0.038	-0.0765
000596.SZ	0.0689	0.086	0.1142
000597.SZ	-0.0018	0.0014	0.0027
000598.SZ	0.0273	0.0561	0.089
000599.SZ	0.0095	0.021	0.0313
000600.SZ	0.0599	0.1073	0.1493
000601.SZ	0.0399	0.0922	0.1119
000603.SZ	0.0211	0.0707	0.0848
000605.SZ	0.0059	0.0128	0.0314
000606.SZ	-0.0222	0.0104	0.0106
000607.SZ	-0.0097	0.0334	0.0792
000608.SZ	-0.013	-0.0418	-0.1067
000609.SZ	0.0045	0.1031	0.0928
000610.SZ	-0.01	0.0047	0.0021
000611.SZ	-0.0414	-0.0977	-0.1398
000612.SZ	-0.0062	0.019	0.0091
000613.SZ	0.0186	0.0022	-0.0219
000615.SZ	0.002	-0.0483	-0.0617
000616.SZ	-0.0008	0.0011	-0.0057
000617.SZ	-0.0787	-0.3492	-0.4895
000619.SZ	0.0043	0.0232	0.037
000620.SZ	0.0113	0.018	0.0269
000622.SZ	-0.0255	-0.0733	-0.1316
000623.SZ	0.0209	0.0486	0.0732
000625.SZ	0.0749	0.1543	0.2108
000626.SZ	0.1582	0.1639	0.1979
000627.SZ	0.1104	0.1144	0.1107
000628.SZ	0.0034	0.0074	0.0426
000629.SZ	0.0047	-0.1037	-0.1539
000630.SZ	-0.0063	0.0033	0.0068
000631.SZ	0.0128	0.0511	0.0607
000632.SZ	0.0018	0.0028	0.0012
000633.SZ	-0.065	-0.1925	-0.2686
000635.SZ	0.0021	0.0118	0.0147
000636.SZ	0.0065	0.0173	0.024
000637.SZ	0.0126	0.0059	0.0402
000638.SZ	0.0424	0.017	0.0394
000639.SZ	0.0332	0.0583	0.0712
000650.SZ	0.0426	0.0716	0.1072
000651.SZ	0.0643	0.1385	0.2309
000652.SZ	0.0008	0.0103	0.0222
000655.SZ	-0.0258	-0.0382	-0.0454
000656.SZ	0.0224	0.051	0.0623
000657.SZ	-0.0092	0.0017	0.0074
000659.SZ	-0.0482	-0.0547	-0.0783
000661.SZ	0.0667	0.0794	0.1362
000662.SZ	-0.0002	0.0164	0.0506
000663.SZ	-0.0085	0.0034	0.0044
000665.SZ	0.0188	0.0353	0.0435
000666.SZ	0.0089	0.043	0.0678
000667.SZ	0.0175	0.0457	0.0519
000668.SZ	-0.0102	-0.0335	-0.0639
000669.SZ	0.0219	0.0343	0.0452
000670.SZ	0.0306	0.0366	0.0264
000671.SZ	0.0103	0.0142	0.03
000672.SZ	-0.0178	0.0086	0.0274
000673.SZ	0.0055	0.0147	0.0623
000676.SZ	-0.0477	0.0386	0.0658
000677.SZ	0.0078	0.0032	0.0045
000678.SZ	-0.0065	-0.0024	0.0016
000679.SZ	0.0141	0.008	-0.127
000680.SZ	0.0049	0.0043	-0.0259
000681.SZ	0.0123	0.0331	0.0575
000682.SZ	0.0038	0.0149	0.0192
000683.SZ	0.0051	0.0066	0.0068
000685.SZ	0.0188	0.0435	0.0666
000686.SZ	0.0348	0.0451	0.0862
000687.SZ	0.0403	0.0968	0.1003
000688.SZ	0.0067	0.0402	0.0966
000690.SZ	0.0313	0.0604	0.0843
000691.SZ	-0.015	-0.0208	0.0018
000692.SZ	0.0664	0.0289	-0.0343
000693.SZ	-0.0161	-0.0433	-0.0748
000695.SZ	0.0243	-0.0115	-0.0216
000697.SZ	-0.0043	-0.0071	-0.0173
000698.SZ	0.0221	0.0349	0.063
000700.SZ	0.0285	0.0471	0.0593
000701.SZ	0.0067	0.0218	0.0223
000702.SZ	-0.0176	-0.0097	-0.0095
000703.SZ	0.0239	0.0552	0.06
000705.SZ	0.0065	0.0206	0.0217
000707.SZ	0.0035	0.0073	-0.1508
000708.SZ	0.0161	0.0412	0.0599
000709.SZ	0.0027	0.0094	0.0212
000710.SZ	-0.0075	-0.014	-0.0593
000711.SZ	-0.0206	-0.0527	-0.1123
000712.SZ	0.022	0.0482	0.0784
000713.SZ	0.0104	-0.0031	-0.0588
000715.SZ	0.0086	0.0212	0.0271
000716.SZ	0.0128	0.0123	0.0343
000717.SZ	-0.9655	-0.9515	-0.3775
000718.SZ	0.0024	0.0192	0.0983
000719.SZ	0.0157	0.0512	0.0731
000720.SZ	0.0228	-0.0192	-0.0474
000721.SZ	-0.0191	0.0311	0.0272
000722.SZ	0.0141	0.0368	0.0524
000723.SZ	-0.0085	0.0156	0.0566
000725.SZ	0.0014	-0.0067	0.0018
000726.SZ	0.0219	0.0517	0.0859
000727.SZ	-0.0021	-0.0025	-0.0037
000728.SZ	0.0108	0.0258	0.0474
000729.SZ	0.0037	0.035	0.048
000731.SZ	-0.0017	-0.0167	-0.0392
000732.SZ	0.0238	0.0573	0.0889
000733.SZ	0.019	0.0327	0.0446
000735.SZ	0.0021	0.008	0.0311
000736.SZ	-0.0033	0.0003	0.0579
000737.SZ	-0.2499	-0.6585	-0.8149
000738.SZ	0.0067	0.0236	0.033
000739.SZ	0.0155	0.0468	0.0698
000748.SZ	0.0008	0.0136	0.0212
000750.SZ	0.0247	0.0409	0.0723
000751.SZ	0.0068	0.0276	0.0456
000752.SZ	0.0046	0.0034	0.0055
000753.SZ	0.0059	0.0034	0.0122
000755.SZ	-0.1244	-0.2689	-0.4307
000756.SZ	0.0108	0.0242	0.0464
000757.SZ	0.0132	0.03	0.0368
000758.SZ	0.0138	0.026	0.0425
000759.SZ	0.0013	-0.0213	-0.0607
000760.SZ	-0.0232	-0.0492	-0.0623
000761.SZ	0.0034	0.0152	0.047
000762.SZ	0.0124	0.0056	0.0068
000766.SZ	0.0164	0.0294	0.0427
000767.SZ	-0.0335	-0.0204	0.0001
000768.SZ	-0.0039	0.0053	0.0078
000776.SZ	0.0233	0.0533	0.0805
000777.SZ	0.0107	0.0264	0.0398
000778.SZ	0.0023	0.011	0.0133
000779.SZ	-0.0786	-0.1769	-0.2656
000780.SZ	-0.0199	-0.0533	-0.0935
000782.SZ	0.0064	-0.0175	-0.028
000783.SZ	0.0297	0.0679	0.0831
000785.SZ	0.0211	0.0428	0.0237
000786.SZ	0.0128	0.0581	0.097
000788.SZ	0.006	0.0103	0.0131
000789.SZ	0.002	0.0255	0.0617
000790.SZ	0.01	0.0283	0.0338
000791.SZ	-0.0447	-0.0378	0.0015
000792.SZ	0.0062	0.0139	0.011
000793.SZ	0.0197	0.0361	0.0767
000795.SZ	0.0059	0.0143	0.0274
000796.SZ	0.0098	0.0338	0.1328
000797.SZ	0.0101	0.0243	0.0078
000798.SZ	-0.0129	-0.0436	-0.0568
000799.SZ	0.016	0.0218	0.0366
000800.SZ	-0.0498	-0.1	-0.086
000801.SZ	0.007	0.0272	0.0314
000802.SZ	-0.0243	0.0042	0.0057
000803.SZ	-0.0678	-0.2107	-0.3445
000806.SZ	-0.0063	0.0032	0.0017
000807.SZ	-0.0075	0.009	0.0317
000809.SZ	-0.0066	-0.0226	-0.0352
000810.SZ	0.0656	0.1191	0.1509
000811.SZ	0.0021	0.0828	0.1162
000812.SZ	0.0072	0.0154	0.0246
000813.SZ	-0.0089	-0.021	0.326
000815.SZ	-0.9842	-0.0493	-0.0692
000816.SZ	0.003	0.0045	0.0024
000818.SZ	0.0044	0.005	0.0195
000819.SZ	0.005	0.0237	0.0404
000820.SZ	-0.082	-0.1776	0.3713
000821.SZ	0.0006	0.0167	0.0267
000822.SZ	0.0009	0.0116	0.029
000823.SZ	0.0052	0.0196	0.0387
000825.SZ	-0.0259	0.0141	0.0388
000826.SZ	0.0298	0.0662	0.1058
000828.SZ	0.0398	0.0873	0.1322
000829.SZ	0.0046	-0.0155	0.0301
000830.SZ	0.002	0.0162	0.0221
000831.SZ	-0.0074	-0.0174	-0.0208
000833.SZ	-0.0022	-0.0014	-0.002
000835.SZ	-0.0488	-0.2671	-0.2631
000836.SZ	0.0104	0.0139	0.0176
000837.SZ	-0.0107	-0.02	-0.0086
000838.SZ	0.0119	0.0629	0.0538
000839.SZ	0.0132	0.0259	0.0331
000848.SZ	0.1353	0.1571	0.2041
000850.SZ	0.0028	0.0157	0.0126
000851.SZ	-0.0057	0.0102	0.0154
000852.SZ	-0.0379	-0.0717	-0.1435
000856.SZ	-0.1029	0.1941	0.203
000858.SZ	0.0648	0.0888	0.115
000859.SZ	-0.0068	-0.006	-0.0085
000860.SZ	0.032	0.0421	0.0412
000861.SZ	0.0122	0.0326	0.0438
000862.SZ	-0.0516	-0.0466	-0.0305
000863.SZ	0.1304	0.0999	0.0991
000868.SZ	0.0078	0.015	0.02
000869.SZ	0.0692	0.0878	0.1057
000875.SZ	0.0324	0.0239	0.0155
000876.SZ	0.0337	0.0737	0.107
000877.SZ	-0.0302	-0.0163	0.0007
000878.SZ	-0.016	0.002	0.0082
000880.SZ	0.0052	0.012	0.0161
000881.SZ	0.0001	0.0005	0.0007
000882.SZ	0.003	0.0074	0.0201
000883.SZ	0.0182	0.0585	0.0817
000885.SZ	-0.0197	0.0005	0.001
000886.SZ	0.0062	0.0128	0.0186
000887.SZ	0.0624	0.0983	0.1562
000888.SZ	0.0083	0.031	0.0739
000889.SZ	0.0212	0.0553	0.0741
000890.SZ	0.0019	0.0453	0.1482
000892.SZ	0.0476	-0.0374	-0.1477
000893.SZ	0.0005	0.0031	0.0043
000895.SZ	0.0619	0.1359	0.2196
000897.SZ	-0.0039	0.0194	0.0408
000898.SZ	-0.0143	0.0069	0.0223
000899.SZ	0.0397	0.0705	0.1061
000900.SZ	0.0174	0.0482	0.075
000901.SZ	0.0057	0.0059	0.02
000902.SZ	0.0452	0.0969	0.1091
000903.SZ	0.0212	0.0297	0.041
000905.SZ	0.0122	0.0296	0.0436
000906.SZ	0.0192	0.0434	0.059
000908.SZ	0.0185	0.0546	0.076
000909.SZ	0.0048	0.0222	0.0303
000910.SZ	0.0127	0.0444	0.1158
000911.SZ	-0.0744	-0.1344	-0.1766
000912.SZ	-0.0536	-0.2783	-0.6712
000913.SZ	0.0218	0.0244	0.0268
000915.SZ	0.0414	0.0917	0.1359
000916.SZ	0.0122	0.0383	0.059
000917.SZ	0.012	0.0126	0.02
000918.SZ	-0.1283	-0.6361	-0.9259
000919.SZ	0.0194	0.0447	0.0619
000920.SZ	0.0327	0.0554	0.0859
000921.SZ	0.0355	0.1325	0.1988
000922.SZ	-0.0162	-0.1317	-0.1585
000923.SZ	0.003	-0.022	-0.0771
000925.SZ	-0.0162	-0.0092	-0.0217
000926.SZ	0.0284	0.0368	0.071
000927.SZ	-0.1149	-0.4064	-0.7347
000928.SZ	0.0346	0.0788	0.1222
000929.SZ	-0.0337	-0.0433	-0.0257
000930.SZ	-0.0218	0.0084	0.0713
000931.SZ	-0.0203	-0.0166	0.0069
000932.SZ	-0.1188	-0.139	-0.1629
000933.SZ	0.0768	0.115	0.1444
000935.SZ	-0.0065	0.006	0.0175
000936.SZ	0.0027	0.0215	0.1406
000937.SZ	0.0002	0.0005	0.0044
000938.SZ	0.0182	0.0205	0.0396
000939.SZ	0.0128	0.014	0.0226
000948.SZ	-0.0354	-0.0338	-0.0351
000949.SZ	0.0037	0.0135	0.036
000950.SZ	-0.1005	-0.2015	-0.383
000951.SZ	0.0078	0.0349	0.0489
000952.SZ	0.044	0.1052	0.2172
000953.SZ	0.2515	-0.7276	-3.4015
000955.SZ	-0.013	-0.0192	-0.0292
000957.SZ	0.0614	0.132	0.1984
000958.SZ	0.0709	0.0993	0.1153
000959.SZ	-0.0213	0.0007	0.0057
000960.SZ	-0.0019	0.0008	0.0073
000961.SZ	0.013	0.0292	0.0422
000962.SZ	-0.0511	-0.0996	-0.1107
000963.SZ	0.0883	0.171	0.2391
000965.SZ	0.0178	0.025	0.0261
000966.SZ	0.087	0.0927	0.1559
000967.SZ	0.0147	0.0353	0.0476
000968.SZ	-2.6261	None	None
000969.SZ	0.0042	0.0033	0.0179
000970.SZ	0.0159	0.0389	0.0584
000971.SZ	0.0211	0.0287	0.0221
000972.SZ	-0.0209	-0.0516	-0.0876
000973.SZ	0.0079	0.0162	0.0256
000975.SZ	0.0056	0.0239	0.0437
000976.SZ	0.003	0.0369	0.0577
000977.SZ	0.0353	0.0755	0.0998
000978.SZ	-0.0074	0.0031	0.0329
000979.SZ	0.001	0.0027	0.0206
000980.SZ	0.0134	0.0179	0.0212
000981.SZ	0.0095	0.0495	0.0975
000982.SZ	-0.0275	-0.091	-0.1007
000983.SZ	0.003	0.0067	0.0124
000985.SZ	0.0015	0.0198	0.0423
000987.SZ	0.0084	0.031	0.0526
000988.SZ	0.0151	0.0391	0.0554
000989.SZ	0.034	0.0802	0.1199
000990.SZ	-0.0072	-0.0108	-0.0097
000993.SZ	0.0094	0.0521	0.077
000995.SZ	-0.0302	-0.161	-1.5069
000996.SZ	0.0044	0.0178	0.0256
000997.SZ	0.028	0.1039	0.1601
000998.SZ	0.0395	0.0405	0.0263
000999.SZ	0.0404	0.0814	0.1096
001696.SZ	0.0243	0.0488	0.0686
001896.SZ	0.0217	0.0794	0.132
001979.SZ	0.017	0.0805	0.1158
002001.SZ	0.0218	0.0716	0.1148
002002.SZ	0.0283	0.0727	0.1329
002003.SZ	0.004	0.0696	0.1188
002004.SZ	0.0179	0.0437	0.0636
002005.SZ	-0.0162	0.0029	0.0033
002006.SZ	0.01	0.0337	0.059
002007.SZ	0.0512	0.1094	0.1577
002008.SZ	0.024	0.0827	0.1277
002009.SZ	0.0117	0.0276	0.0371
002010.SZ	0.0067	0.0404	0.052
002011.SZ	0.0073	0.0144	0.0139
002012.SZ	-0.0052	-0.0025	-0.0135
002013.SZ	-0.0049	0.0222	0.0388
002014.SZ	0.0254	0.0541	0.0886
002015.SZ	-0.0081	-0.051	-0.089
002016.SZ	-0.0207	0.0758	0.0533
002017.SZ	0.01	0.0327	0.0494
002018.SZ	0.0167	0.0365	0.0712
002019.SZ	0.0467	0.1207	0.1728
002020.SZ	0.0269	0.0612	0.0874
002021.SZ	-0.0196	-0.0486	-0.0745
002022.SZ	0.0328	0.0805	0.1166
002023.SZ	0.0062	0.0152	0.0125
002024.SZ	-0.0098	-0.0027	-0.0064
002025.SZ	0.0294	0.0634	0.0984
002026.SZ	0.0092	0.0232	0.0448
002027.SZ	0.1319	0.3797	0.5588
002028.SZ	0.0124	0.0366	0.0596
002029.SZ	0.0127	0.0209	0.0334
002030.SZ	0.0198	0.0474	0.062
002031.SZ	0.0045	0.0067	0.009
002032.SZ	0.0604	0.1127	0.1722
002033.SZ	0.0198	0.0555	0.098
002034.SZ	-0.0002	0.0099	0.024
002035.SZ	0.0309	0.1008	0.1293
002036.SZ	0.0066	0.0477	0.0899
002037.SZ	-0.0129	0.0022	0.01
002038.SZ	0.0408	0.0685	0.0967
002039.SZ	0.0268	0.0482	0.0891
002040.SZ	0.0087	0.0219	0.0313
002041.SZ	0.0521	0.0978	0.1006
002042.SZ	0.0274	0.08	0.1053
002043.SZ	0.0187	0.0849	0.1489
002044.SZ	-0.0431	-0.0074	0.031
002045.SZ	0.0024	0.003	0.0248
002046.SZ	-0.0145	-0.0279	-0.0364
002047.SZ	0.0219	0.0729	0.1016
002048.SZ	0.0237	0.0682	0.0945
002049.SZ	0.0216	0.0513	0.092
002050.SZ	0.0277	0.0836	0.1366
002051.SZ	0.027	0.0682	0.1145
002052.SZ	-0.0059	-0.0451	-0.1036
002053.SZ	0.0211	0.0465	0.0879
002054.SZ	-0.0034	0.0563	0.0734
002055.SZ	0.0128	0.031	0.0442
002056.SZ	0.0266	0.0572	0.0842
002057.SZ	0.0024	0.0081	0.0159
002058.SZ	-0.0296	-0.0118	-0.002
002059.SZ	-0.0073	0.0185	0.0364
002060.SZ	0.0074	0.0189	0.0259
002061.SZ	-0.0136	0.0131	0.0338
002062.SZ	0.0266	0.0419	0.0657
002063.SZ	0.0034	0.0425	0.0555
002064.SZ	0.007	-0.1313	-0.1146
002065.SZ	0.0206	0.0384	0.0742
002066.SZ	0.0128	0.0137	0.0715
002067.SZ	0.054	0.0587	0.057
002068.SZ	-0.0337	-0.0297	-0.0021
002069.SZ	-0.0105	0.0075	0.0341
002070.SZ	-0.0065	0.0434	0.0709
002071.SZ	0.0169	0.08	0.1337
002072.SZ	-0.1507	0.3707	0.3341
002073.SZ	-0.0084	0.0043	-0.0085
002074.SZ	0.0966	0.1656	0.2217
002075.SZ	0.0017	0.0281	0.0554
002076.SZ	0.0053	0.019	0.0368
002077.SZ	0.0019	0.0039	0.0073
002078.SZ	0.0201	0.0492	0.0905
002079.SZ	0.0101	0.0383	0.0586
002080.SZ	0.0102	0.0505	0.0623
002081.SZ	0.0524	0.0999	0.1493
002082.SZ	0.0071	0.0285	0.0419
002083.SZ	0.0313	0.0587	0.0801
002084.SZ	0.007	0.0203	0.0551
002085.SZ	0.04	0.1099	0.1581
002086.SZ	0.0007	0.0186	0.0205
002087.SZ	0.0081	0.0281	0.0572
002088.SZ	0.0046	0.016	0.0394
002089.SZ	-0.006	0.0206	0.0334
002090.SZ	0.0196	0.0446	0.0678
002091.SZ	0.0307	0.0924	0.1359
002092.SZ	0.0046	0.0244	0.0561
002093.SZ	0.0244	0.0299	0.0373
002094.SZ	0.0196	0.0437	0.0944
002095.SZ	0.012	0.0254	0.0244
002096.SZ	-0.0072	0.007	0.0191
002097.SZ	0.0056	0.0074	0.0143
002098.SZ	0.0057	0.0594	0.0807
002099.SZ	0.0369	0.0823	0.1017
002100.SZ	0.0402	0.0803	0.13
002101.SZ	0.022	0.0336	0.0664
002102.SZ	0.0135	0.0279	0.0414
002103.SZ	0.0075	0.0238	0.0441
002104.SZ	0.0371	0.0559	0.0791
002105.SZ	0.0112	0.0394	0.0479
002106.SZ	0.0019	0.0194	0.0331
002107.SZ	0.0323	0.0543	0.089
002108.SZ	0.0562	0.1373	0.2
002109.SZ	-0.029	-0.0466	-0.0721
002110.SZ	0.0259	0.1327	0.1221
002111.SZ	0.0203	0.0455	0.0569
002112.SZ	0.0018	0.0804	0.0371
002113.SZ	0.0087	0.0275	0.0659
002114.SZ	-0.0295	-0.0293	0.0315
002115.SZ	-0.0161	-0.0266	-0.0228
002116.SZ	0.0429	0.08	0.0731
002117.SZ	0.033	0.0691	0.104
002118.SZ	0.0053	0.0073	0.0265
002119.SZ	0.0114	0.0266	0.0478
002120.SZ	0.0202	0.0798	0.1202
002121.SZ	0.0042	0.0312	0.0297
002122.SZ	0.0025	0.0051	0.006
002123.SZ	0.0146	0.0295	0.0339
002124.SZ	0.0614	0.1748	0.2774
002125.SZ	0.0002	0.0053	0.0132
002126.SZ	0.0272	0.0565	0.0843
002127.SZ	0.0131	0.0667	0.1143
002128.SZ	0.0277	0.0388	0.0551
002129.SZ	0.0101	0.0243	0.0339
002130.SZ	0.0121	0.0333	0.0537
002131.SZ	0.0231	0.0467	0.0659
002132.SZ	0.0091	0.032	0.036
002133.SZ	0.0002	0.0554	0.0577
002134.SZ	-0.0313	-0.0561	-0.0877
002135.SZ	0.008	0.0151	0.0171
002136.SZ	-0.0334	0.0088	0.0405
002137.SZ	0.0155	0.1048	0.1124
002138.SZ	0.031	0.0718	0.1085
002139.SZ	0.0134	0.0387	0.08
002140.SZ	0.0087	0.0294	0.0409
002141.SZ	0.0023	0.0055	0.0085
002142.SZ	0.044	0.088	0.1332
002143.SZ	0.0595	0.1538	0.2249
002144.SZ	0.0084	0.0335	0.0462
002145.SZ	-0.02	0.0044	0.0191
002146.SZ	0.016	0.0629	0.1027
002147.SZ	-0.0167	-0.0109	0.1328
002148.SZ	0.0034	0.0221	0.0453
002149.SZ	-0.0086	0.0065	0.0069
002150.SZ	0.0225	0.0613	0.1026
002151.SZ	-0.0043	0.0038	0.015
002152.SZ	0.0289	0.058	0.0795
002153.SZ	0.0125	0.0375	0.0559
002154.SZ	0.0034	-0.0355	-0.0368
002155.SZ	-0.002	0.0141	0.0277
002156.SZ	0.0083	0.0227	0.0328
002157.SZ	0.0703	0.1773	0.2545
002158.SZ	0.013	0.0437	0.0687
002159.SZ	-0.0176	-0.0312	-0.0085
002160.SZ	0.0023	0.0141	0.0259
002161.SZ	0.001	-0.0026	-0.0102
002162.SZ	-0.019	-0.0045	0.0026
002163.SZ	-0.004	-0.007	-0.0059
002164.SZ	-0.0019	0.0029	0.0047
002165.SZ	0.0287	0.0494	0.0578
002166.SZ	0.0207	0.0338	0.053
002167.SZ	-0.0141	-0.0124	0.0029
002168.SZ	-0.0154	-0.0182	0.0042
002169.SZ	0.0088	0.0559	0.0472
002170.SZ	0.0094	0.0339	0.0685
002171.SZ	0.0134	0.0465	0.0837
002172.SZ	0.0319	0.0926	0.1873
002173.SZ	0.0151	0.0294	0.0348
002174.SZ	0.0498	0.103	0.1541
002175.SZ	0.0028	0.0195	0.0215
002176.SZ	0.0104	0.0302	0.0484
002177.SZ	0.0202	0.0336	0.0201
002178.SZ	0.0079	0.0335	0.0344
002179.SZ	0.0476	0.1108	0.1536
002180.SZ	0.0626	0.1182	0.1299
002181.SZ	-0.0131	-0.0217	-0.064
002182.SZ	0.0184	0.0626	0.1027
002183.SZ	0.0319	0.0608	0.0872
002184.SZ	0.0112	0.0106	0.0107
002185.SZ	0.0165	0.0383	0.0617
002186.SZ	0.0241	0.0513	0.0922
002187.SZ	0.0186	0.0354	0.046
002188.SZ	0.0042	0.0061	0.0135
002189.SZ	-0.0005	0.0101	0.0257
002190.SZ	0.0066	0.0301	0.0519
002191.SZ	0.0557	0.0841	0.1037
002192.SZ	0.001	0.0015	0.0014
002193.SZ	0.0058	0.0194	0.0202
002194.SZ	0.0056	0.01	-0.0035
002195.SZ	0.0176	0.0435	0.0678
002196.SZ	0.0082	0.022	0.032
002197.SZ	0.003	0.0085	0.0164
002198.SZ	0.0083	0.017	0.0217
002199.SZ	-0.048	-0.1531	-0.2231
002200.SZ	0.0012	0.0303	0.0413
002201.SZ	0.0021	0.0066	0.0085
002202.SZ	0.0219	0.0835	0.1193
002203.SZ	0.0344	0.0755	0.1
002204.SZ	0.0011	0.0063	0.0087
002205.SZ	-0.0142	-0.0168	-0.0221
002206.SZ	0.0319	0.0612	0.0952
002207.SZ	-0.0492	-0.1121	-0.1908
002208.SZ	0.0448	0.0445	0.0423
002209.SZ	0.0017	-0.022	-0.0403
002210.SZ	0.0223	0.0454	0.0578
002211.SZ	-0.0041	-0.0077	-0.0149
002212.SZ	0.0069	0.0244	0.037
002213.SZ	0.0091	0.0221	0.0332
002214.SZ	0.0016	0.0178	0.0299
002215.SZ	0.0598	0.0107	-0.1243
002216.SZ	0.0101	0.0328	0.0357
002217.SZ	0.0127	0.0549	0.0996
002218.SZ	0.0104	0.0221	0.032
002219.SZ	0.0193	0.0379	0.0529
002220.SZ	0.0098	0.0382	0.0662
002221.SZ	0.0215	0.0501	0.075
002222.SZ	0.025	0.0527	0.0816
002223.SZ	0.0651	0.0967	0.1242
002224.SZ	0.0167	0.0681	0.1047
002225.SZ	0.0111	0.0195	0.0247
002226.SZ	0.0002	0.0142	0.0184
002227.SZ	-0.012	-0.011	-0.0108
002228.SZ	0.0141	0.0323	0.0442
002229.SZ	-0.0118	-0.022	-0.0096
002230.SZ	0.0112	0.0404	0.0438
002231.SZ	-0.0094	-0.03	-0.0318
002232.SZ	0.0007	0.0012	0.0005
002233.SZ	0.0059	0.0253	0.0515
002234.SZ	0.076	0.162	0.2496
002235.SZ	0.0022	0.0157	0.0125
002236.SZ	0.0329	0.1043	0.1531
002237.SZ	0.0096	0.0304	0.053
002238.SZ	0.0294	0.0626	0.0905
002239.SZ	0.0232	0.0455	0.0659
002240.SZ	-0.0254	-0.0471	-0.0427
002241.SZ	0.0207	0.0496	0.1053
002242.SZ	0.0396	0.1141	0.1663
002243.SZ	0.0028	0.0069	0.012
002244.SZ	0.0372	0.0647	0.096
002245.SZ	0.0232	0.0526	0.0893
002246.SZ	0.0078	0.0332	0.0582
002247.SZ	0.014	0.0404	0.0936
002248.SZ	-0.027	-0.0642	-0.1418
002249.SZ	0.0126	0.0337	0.05
002250.SZ	0.0253	0.0584	0.0568
002251.SZ	0.025	0.0348	0.0352
002252.SZ	0.0289	0.0594	0.11
002253.SZ	0.0036	0.0107	0.0163
002254.SZ	0.0099	0.0172	0.0251
002255.SZ	0.0062	0.0127	0.0226
002256.SZ	0.0327	0.0501	0.0654
002258.SZ	0.025	0.0608	0.0828
002259.SZ	-0.0133	0.0063	0.0078
002260.SZ	-0.007	-0.0313	0.0094
002261.SZ	0.0191	0.0358	0.045
002262.SZ	0.038	0.0912	0.1319
002263.SZ	-0.0036	-0.0064	-0.0093
002264.SZ	0.0391	0.0405	0.1671
002265.SZ	0.0051	0.0068	0.0071
002266.SZ	0.0021	0.0123	0.0173
002267.SZ	0.0663	0.0759	0.0813
002268.SZ	-0.0318	-0.0286	0.0037
002269.SZ	0.0164	-0.0196	-0.0509
002270.SZ	0.0179	0.0546	0.0832
002271.SZ	0.0139	0.088	0.166
002272.SZ	0.0006	0.0031	0.0066
002273.SZ	0.0147	0.038	0.0617
002274.SZ	0.0014	0.0045	0.0059
002275.SZ	0.0302	0.0981	0.1348
002276.SZ	0.0092	0.035	0.0442
002277.SZ	0.0388	0.0517	0.0578
002278.SZ	-0.0127	-0.0239	-0.0579
002279.SZ	-0.0033	0.008	0.0382
002280.SZ	0.0279	0.0547	0.0733
002281.SZ	0.0273	0.0571	0.078
002282.SZ	0.0049	0.0162	0.0175
002283.SZ	0.007	0.0238	0.0364
002284.SZ	0.0163	0.0383	0.0478
002285.SZ	0.0174	0.0564	0.1031
002286.SZ	0.009	0.0206	0.027
002287.SZ	0.0395	0.1003	0.1236
002288.SZ	0.0048	0.0018	0.0026
002289.SZ	-0.0812	-0.3219	-0.4706
002290.SZ	0.0085	0.0237	0.0267
002291.SZ	0.0051	0.0111	0.0096
002292.SZ	0.0214	0.0772	0.1132
002293.SZ	0.0417	0.0588	0.0991
002294.SZ	0.075	0.1502	0.2168
002295.SZ	-0.004	0.0042	0.0086
002296.SZ	0.005	0.0265	0.0386
002297.SZ	-0.0078	-0.0176	-0.022
002298.SZ	0.0099	0.0242	0.0292
002299.SZ	0.0126	0.0459	0.0918
002300.SZ	0.0176	0.0553	0.0899
002301.SZ	0.007	0.0405	0.0575
002302.SZ	-0.009	0.0191	0.0444
002303.SZ	0.0151	0.0461	0.0859
002304.SZ	0.1016	0.147	0.2016
002305.SZ	0.0013	0.0013	0.0029
002306.SZ	-0.5523	-1.1878	-1.9008
002307.SZ	0.0029	0.0093	0.0175
002308.SZ	0.0101	0.0325	0.0536
002309.SZ	0.0024	-0.0113	-0.0287
002310.SZ	-0.0107	0.0467	0.0798
002311.SZ	0.0078	0.0762	0.1655
002312.SZ	-0.0007	-0.0273	-0.0632
002313.SZ	-0.0074	-0.0171	0.0066
002314.SZ	0.0486	0.0728	0.0869
002315.SZ	-0.0061	0.0098	0.0228
002316.SZ	0.0032	-0.0067	-0.0314
002317.SZ	0.0439	0.1041	0.1135
002318.SZ	0.0096	0.0252	0.0427
002319.SZ	0.023	0.01	0.0094
002320.SZ	0.0301	0.0549	0.0607
002321.SZ	0.0052	0.0352	0.0473
002322.SZ	0.0028	0.0092	0.0242
002323.SZ	0.0185	0.1169	0.2542
002324.SZ	0.0481	0.0867	0.1165
002325.SZ	0.0249	0.0379	0.0616
002326.SZ	0.0202	0.0581	0.0641
002327.SZ	0.038	0.0727	0.1026
002328.SZ	0.0075	0.0234	0.0315
002329.SZ	0.0063	0.0383	0.05
002330.SZ	0.0105	0.0122	0.0141
002331.SZ	0.0086	0.0234	0.0448
002332.SZ	0.0063	0.0275	0.0466
002333.SZ	-0.0031	0.0958	0.0908
002334.SZ	0.0027	0.0169	0.0361
002335.SZ	0.0177	0.0192	0.047
002336.SZ	0.0092	0.0072	0.0031
002337.SZ	-0.0074	-0.02	-0.0046
002338.SZ	0.0179	0.0358	0.0626
002339.SZ	-0.0235	0.0136	0.053
002340.SZ	0.01	0.0259	0.0299
002341.SZ	0.0141	0.0286	0.0352
002342.SZ	0.0046	0.0077	0.0085
002343.SZ	0.0191	0.0838	0.1293
002344.SZ	0.0291	0.0761	0.0961
002345.SZ	0.0312	0.055	0.075
002346.SZ	0.0071	0.0512	0.0077
002347.SZ	0.0029	0.0085	0.011
002348.SZ	0.0082	0.0188	0.0308
002349.SZ	0.0205	0.0392	0.0544
002350.SZ	0.001	0.0165	0.0238
002351.SZ	0.0151	0.0276	0.0367
002352.SZ	0.0049	0.0156	0.021
002353.SZ	0.0074	0.0137	0.0134
002354.SZ	0.022	0.0409	0.0667
002355.SZ	0.0082	0.0141	0.0196
002356.SZ	0.013	0.0589	0.0812
002357.SZ	0.0303	0.0639	0.1112
002358.SZ	0.0196	0.0589	0.0874
002359.SZ	0.0066	0.0239	-0.0558
002360.SZ	0.0042	0.0317	0.0532
002361.SZ	0.0166	0.0441	0.0613
002362.SZ	0.0048	0.0109	0.02
002363.SZ	0.0153	0.0243	0.0331
002364.SZ	0.0346	0.0801	0.0756
002365.SZ	0.0081	0.0305	0.0444
002366.SZ	0.0765	0.1839	0.2246
002367.SZ	0.0391	0.099	0.1275
002368.SZ	0.0077	0.0085	0.0301
002369.SZ	0.0034	0.007	0.0071
002370.SZ	0.0304	0.0793	0.0583
002371.SZ	0.0003	0.0111	0.025
002372.SZ	0.0291	0.1051	0.1811
002373.SZ	0.0192	0.0433	0.0722
002374.SZ	0.0109	0.0266	0.0428
002375.SZ	0.015	0.0228	0.038
002376.SZ	0.0164	0.0401	0.0656
002377.SZ	-0.0148	-0.0071	0.004
002378.SZ	-0.0116	-0.0114	0.0036
002379.SZ	-0.0034	0.0061	0.0063
002380.SZ	0.0032	0.026	0.0364
002381.SZ	0.0106	0.0314	0.0425
002382.SZ	0.037	0.0827	0.121
002383.SZ	-0.0093	0.0019	0.0043
002384.SZ	0.0068	0.0548	0.0534
002385.SZ	0.0158	0.0423	0.0677
002386.SZ	-0.0136	-0.0163	-0.0122
002387.SZ	-0.0194	-0.0532	0.0637
002388.SZ	0.001	0.0036	0.0137
002389.SZ	0.0087	0.0199	0.0291
002390.SZ	0.01	0.0296	0.0453
002391.SZ	0.0133	0.0374	0.0468
002392.SZ	0.0102	0.0285	0.0481
002393.SZ	0.0143	0.0233	0.0266
002394.SZ	0.0217	0.055	0.0882
002395.SZ	0.009	0.0248	0.0296
002396.SZ	-0.0039	0.0148	0.0658
002397.SZ	0.023	0.0402	0.0409
002398.SZ	0.0194	0.0429	0.0622
002399.SZ	0.023	0.0315	0.0364
002400.SZ	0.0414	0.1017	0.1144
002401.SZ	0.0234	0.0442	0.067
002402.SZ	0.0248	0.0592	0.093
002403.SZ	0.0262	0.0393	0.0533
002404.SZ	0.0122	0.0325	0.0526
002405.SZ	0.0129	0.0303	0.0382
002406.SZ	0.0134	0.0286	0.0381
002407.SZ	0.0525	0.1136	0.1667
002408.SZ	0.0072	0.0242	0.0452
002409.SZ	0.0128	0.0224	0.0304
002410.SZ	0.0155	0.04	0.0835
002411.SZ	0.0362	0.0745	0.1043
002412.SZ	0.0235	0.0415	0.0496
002413.SZ	0.0103	0.0212	0.0232
002414.SZ	-0.0047	0.0151	0.0147
002415.SZ	0.0576	0.1359	0.2381
002416.SZ	0.0127	0.0202	0.0289
002417.SZ	-0.0662	-0.1405	-0.1772
002418.SZ	0.0121	0.058	0.0768
002419.SZ	0.0328	0.0525	0.0663
002420.SZ	-0.0067	-0.0469	-0.0289
002421.SZ	0.0128	0.0309	0.0646
002422.SZ	0.0187	0.0346	0.0478
002423.SZ	-0.0117	-0.0271	-0.0503
002424.SZ	0.0419	0.08	0.1151
002425.SZ	0.006	0.0167	0.0332
002426.SZ	0.0377	0.0794	0.1103
002427.SZ	0.01	0.0314	0.054
002428.SZ	-0.0065	-0.0233	-0.0371
002429.SZ	0.0214	0.0454	0.0708
002430.SZ	-0.0092	-0.0154	-0.0385
002431.SZ	-0.019	0.0125	0.0202
002432.SZ	-0.0239	-0.0419	-0.097
002433.SZ	0.0086	0.0193	0.0366
002434.SZ	0.0301	0.0598	0.0919
002435.SZ	0.0066	0.0169	0.0216
002436.SZ	0.0088	0.0315	0.0622
002437.SZ	0.0473	0.1013	0.1583
002438.SZ	0.0126	0.021	0.0276
002439.SZ	-0.0029	0.0031	0.0255
002440.SZ	0.0096	0.0442	0.0727
002441.SZ	0.012	0.0298	0.04
002442.SZ	-0.0219	-0.0091	0.0138
002443.SZ	0.0063	0.0266	0.0216
002444.SZ	0.0232	0.0523	0.098
002445.SZ	0.0069	0.021	0.0463
002446.SZ	0.0233	0.0536	0.0758
002447.SZ	0.0014	0.0056	0.0542
002448.SZ	0.0273	0.0517	0.0793
002449.SZ	0.0134	0.0341	0.0469
002450.SZ	0.0425	0.0936	0.117
002451.SZ	0.0075	0.0081	0.0096
002452.SZ	0.0194	0.0376	0.0556
002453.SZ	0.0047	0.0105	0.0096
002454.SZ	0.0226	0.0439	0.0615
002455.SZ	0.012	0.0381	0.0754
002456.SZ	0.0205	0.0594	0.0882
002457.SZ	-0.0007	0.0003	0.0045
002458.SZ	0.1294	0.3603	0.5818
002459.SZ	0.0009	0.0029	0.0089
002460.SZ	0.0553	0.1405	0.234
002461.SZ	0.0032	0.0168	0.0317
002462.SZ	0.0329	0.0702	0.1013
002463.SZ	0.0053	0.0094	0.0199
002464.SZ	0.0095	0.0463	0.077
002465.SZ	0.0041	0.0304	0.0389
002466.SZ	0.0876	0.2168	0.3248
002467.SZ	0.0385	0.0383	0.0424
002468.SZ	-0.0061	0.0062	0.0071
002469.SZ	0.0148	0.0171	0.0241
002470.SZ	0.049	0.093	0.1318
002471.SZ	0.0072	0.0311	0.0504
002472.SZ	0.0118	0.0287	0.0461
002473.SZ	-0.0158	-0.03	-0.0511
002474.SZ	0.0048	0.0118	0.0148
002475.SZ	0.0354	0.0706	0.0839
002476.SZ	0.0165	0.0151	0.0186
002477.SZ	0.0241	0.0997	0.1509
002478.SZ	0.0095	0.019	0.0287
002479.SZ	0.016	0.045	0.0655
002480.SZ	-0.0202	-0.0183	0.0024
002481.SZ	0.0197	0.0252	0.0389
002482.SZ	0.0079	0.028	0.0506
002483.SZ	0.0096	0.0281	0.0331
002484.SZ	0.0122	0.0358	0.0436
002485.SZ	0.0026	0.0138	0.0061
002486.SZ	-0.0178	-0.0414	-0.0477
002487.SZ	0.0129	0.0299	0.0386
002488.SZ	-0.0123	-0.0289	-0.0365
002489.SZ	0.0517	0.068	0.0496
002490.SZ	0.0013	0.0025	0.0034
002491.SZ	0.0312	0.0946	0.1397
002492.SZ	0.0069	0.0256	0.0222
002493.SZ	0.0138	0.0653	0.1078
002494.SZ	0.0056	0.0062	0.0061
002495.SZ	0.0103	0.0221	0.0274
002496.SZ	0.0155	0.032	0.0428
002497.SZ	0.0094	0.0357	0.0436
002498.SZ	0.0135	0.0455	0.0753
002499.SZ	0.0048	0.0234	0.0258
002500.SZ	0.0041	0.0148	0.0262
002501.SZ	0.0245	0.0679	0.1007
002502.SZ	0.0098	0.0283	0.0495
002503.SZ	0.0326	0.077	0.1066
002504.SZ	0.0739	0.1279	0.226
002505.SZ	0.0014	0.0017	0.0041
002506.SZ	0.0282	0.0525	0.0568
002507.SZ	0.0362	0.0828	0.137
002508.SZ	0.0499	0.1302	0.2069
002509.SZ	0.0156	0.0376	0.0619
002510.SZ	0.0108	0.0448	0.0555
002511.SZ	0.0185	0.0426	0.0717
002512.SZ	0.0022	0.0113	0.0234
002513.SZ	0.0131	0.0263	0.0358
002514.SZ	0.0181	0.013	0.0395
002515.SZ	0.009	0.0129	0.0155
002516.SZ	0.022	0.0603	0.1104
002517.SZ	0.1252	0.2746	0.2247
002518.SZ	0.0277	0.0646	0.1028
002519.SZ	0.0346	0.0745	0.0826
002520.SZ	0.0077	0.0161	0.0202
002521.SZ	0.0056	0.0226	0.0282
002522.SZ	0.0148	0.0351	0.0531
002523.SZ	0.0055	0.0206	0.039
002524.SZ	-0.0131	-0.036	-0.0523
002526.SZ	-0.0022	-0.0122	-0.0212
002527.SZ	0.0082	0.0375	0.0648
002528.SZ	-0.0164	-0.0154	-0.011
002529.SZ	-0.0077	-0.0153	-0.0003
002530.SZ	0.0036	0.0108	0.0146
002531.SZ	0.0304	0.0909	0.1423
002532.SZ	0.0226	0.0574	0.076
002533.SZ	0.0124	0.0345	0.0618
002534.SZ	0.0066	0.0348	0.0614
002535.SZ	0.0002	0.0031	0.0043
002536.SZ	0.017	0.0293	0.0441
002537.SZ	0.0223	0.0375	0.0324
002538.SZ	0.0157	0.0413	0.067
002539.SZ	0.017	0.0367	0.0537
002540.SZ	0.0176	0.0523	0.0722
002541.SZ	0.0133	0.0362	0.038
002542.SZ	0.0133	0.03	0.0549
002543.SZ	0.0371	0.0799	0.1048
002544.SZ	0.0103	0.0133	0.021
002545.SZ	0.0067	0.0226	0.0174
002546.SZ	0.0179	0.0251	0.0316
002547.SZ	0.0215	0.0483	0.0697
002548.SZ	0.0205	0.053	0.0782
002549.SZ	0.0035	0.0062	0.0112
002550.SZ	0.0304	0.0622	0.0794
002551.SZ	0.0319	0.052	0.08
002552.SZ	-0.016	-0.0318	-0.0582
002553.SZ	0.0238	0.0607	0.0905
002554.SZ	0.0132	0.0359	0.0505
002555.SZ	0.0576	0.1296	0.1936
002556.SZ	0.0124	0.0395	0.0467
002557.SZ	0.0321	0.0615	0.0951
002558.SZ	-0.0301	0.1321	0.2027
002559.SZ	0.0113	0.0318	0.0383
002560.SZ	0.0072	0.03	0.0475
002561.SZ	0.0337	0.0621	0.0869
002562.SZ	0.0197	0.0407	0.0581
002563.SZ	0.0261	0.056	0.1067
002564.SZ	-0.0033	-0.0084	-0.0199
002565.SZ	0.0126	0.0248	0.0308
002566.SZ	0.0084	0.0144	0.0179
002567.SZ	0.0099	0.0279	0.0556
002568.SZ	-0.0659	-0.1568	-0.1106
002569.SZ	-0.0024	-0.0455	-0.0553
002570.SZ	0.0162	-0.0602	-0.1182
002571.SZ	-0.0103	-0.0172	-0.029
002572.SZ	0.0237	0.0866	0.1382
002573.SZ	0.0291	0.0894	0.1609
002574.SZ	0.0092	0.0136	0.0168
002575.SZ	0.0032	0.0124	0.0221
002576.SZ	-0.0023	-0.0075	0.0037
002577.SZ	0.1867	0.1888	0.0166
002578.SZ	0.0049	0.007	0.009
002579.SZ	0.1275	0.1326	0.1388
002580.SZ	0.0091	0.0238	0.0343
002581.SZ	0.0369	0.0713	0.1225
002582.SZ	0.0129	0.0105	0.0065
002583.SZ	-0.0316	0.0138	0.0309
002584.SZ	0.0093	0.0318	0.0483
002585.SZ	0.0071	0.0153	0.0213
002586.SZ	0.0024	0.0087	0.0177
002587.SZ	-0.011	0.0451	0.0955
002588.SZ	0.0408	0.1002	0.1215
002589.SZ	0.0262	0.0656	0.0756
002590.SZ	0.0181	0.048	0.0645
002591.SZ	0.0057	-0.0015	-0.0167
002592.SZ	0.015	0.0318	0.045
002593.SZ	0.0036	0.0133	0.0262
002594.SZ	0.026	0.0673	0.0884
002595.SZ	0.0468	0.1185	0.1774
002596.SZ	-0.0115	-0.0036	0.008
002597.SZ	0.0684	0.1136	0.1642
002598.SZ	0.0135	0.0346	0.0568
002599.SZ	0.0028	0.0216	0.0301
002600.SZ	0.0027	0.0132	0.0422
002601.SZ	0.0071	0.0304	0.0163
002602.SZ	0.03	0.0667	0.0951
002603.SZ	0.0374	0.0633	0.0874
002604.SZ	0.0066	0.0203	0.0393
002605.SZ	0.0263	0.0452	0.0608
002606.SZ	0.0285	0.0569	0.0836
002607.SZ	0.015	0.0247	0.0408
002608.SZ	None	None	None
002609.SZ	0.0064	0.0486	0.1088
002610.SZ	0.0032	0.0099	0.0196
002611.SZ	0.0097	0.0378	0.0604
002612.SZ	0.0116	0.0166	0.0349
002613.SZ	0.0019	0.0075	0.0132
002614.SZ	0.0009	0.0218	0.0616
002615.SZ	0.0161	0.0499	0.1259
002616.SZ	0.0194	0.0366	0.059
002617.SZ	0.0032	0.0241	0.0304
002618.SZ	0.004	0.0058	0.0099
002619.SZ	0.0089	0.02	0.0377
002620.SZ	0.0225	0.0354	0.0492
002621.SZ	0.0058	0.0116	0.0186
002622.SZ	0.003	0.0055	0.0239
002623.SZ	0.005	0.0138	0.0209
002624.SZ	0.0196	0.1025	0.184
002625.SZ	0.0162	0.0407	0.0686
002626.SZ	0.0324	0.0929	0.1114
002627.SZ	0.0136	0.027	0.0453
002628.SZ	0.0034	0.0055	0.0063
002629.SZ	-0.0356	-0.054	-0.0649
002630.SZ	0.012	0.0405	0.0592
002631.SZ	0.0251	0.064	0.0958
002632.SZ	0.0078	0.016	0.0274
002633.SZ	-0.0091	-0.0223	-0.0354
002634.SZ	0.0183	0.033	0.045
002635.SZ	0.0362	0.0605	0.1112
002636.SZ	0.0284	0.0603	0.1075
002637.SZ	0.0113	0.0321	0.0478
002638.SZ	0.0141	0.0164	0.0217
002639.SZ	-0.0113	0.0012	0.0078
002640.SZ	0.042	0.0747	0.0849
002641.SZ	0.011	0.0507	0.088
002642.SZ	0.0013	0.0075	0.0157
002643.SZ	0.034	0.0702	0.0789
002644.SZ	0.0075	0.0243	0.0372
002645.SZ	0.0099	0.0218	0.0323
002646.SZ	0.06	0.0628	0.0808
002647.SZ	-0.0266	-0.0413	-0.0191
002648.SZ	0.0009	0.0049	0.0316
002649.SZ	0.0139	0.0468	0.0658
002650.SZ	0.0294	0.0517	0.0678
002651.SZ	0.0133	0.0254	0.0347
002652.SZ	0.0165	0.0496	0.0964
002653.SZ	0.0197	0.1132	0.1458
002654.SZ	0.0057	0.0373	0.0681
002655.SZ	0.0038	0.0123	0.0225
002656.SZ	-0.0088	-0.0232	-0.0385
002657.SZ	0.0115	0.0419	0.0554
002658.SZ	0.0072	0.0289	0.0585
002659.SZ	-0.0057	-0.0098	-0.0312
002660.SZ	-0.002	0.0084	0.0152
002661.SZ	0.0162	0.0308	0.0469
002662.SZ	0.0139	0.046	0.0601
002663.SZ	0.0022	0.0172	0.025
002664.SZ	0.0318	0.0759	0.1136
002665.SZ	0.0042	0.0315	0.0377
002666.SZ	0.0128	0.0251	0.042
002667.SZ	0.0013	-0.0106	-0.0142
002668.SZ	0.0238	0.0941	0.145
002669.SZ	0.04	0.0667	0.0904
002670.SZ	0.0093	0.0165	0.0384
002671.SZ	0.0011	0.0164	0.0162
002672.SZ	0.0303	0.0724	0.1296
002673.SZ	0.0227	0.0489	0.0766
002674.SZ	0.0005	0.006	0.0167
002675.SZ	0.0082	0.0268	0.0467
002676.SZ	0.0045	0.0256	0.026
002677.SZ	0.0271	0.064	0.1165
002678.SZ	0.0222	0.0429	0.0593
002679.SZ	-0.0328	-0.0307	-0.0087
002680.SZ	0.0184	0.0391	0.0795
002681.SZ	0.0212	0.0486	0.0916
002682.SZ	0.008	0.0163	0.0214
002683.SZ	-0.0176	0.0017	0.0122
002684.SZ	0.0023	0.0111	0.0045
002685.SZ	0.0036	0.0144	0.0152
002686.SZ	0.0298	0.069	0.1045
002687.SZ	0.01	0.0384	0.045
002688.SZ	0.0392	0.0732	0.0949
002689.SZ	-0.0296	0.0249	0.0256
002690.SZ	0.0192	0.0627	0.1127
002691.SZ	0.0046	0.0087	0.0107
002692.SZ	0.0165	0.0458	0.0612
002693.SZ	-0.0122	-0.0215	-0.2715
002694.SZ	-0.0128	0.0087	0.0156
002695.SZ	0.0123	0.0309	0.0526
002696.SZ	0.0007	0.0141	0.0314
002697.SZ	0.0233	0.049	0.0641
002698.SZ	0.0062	0.0178	0.0398
002699.SZ	0.0119	0.0384	0.066
002700.SZ	0.0299	0.0466	0.0645
002701.SZ	0.0685	0.1376	0.2197
002702.SZ	0.0169	0.0127	0.0108
002703.SZ	0.0116	0.0269	0.035
002705.SZ	0.018	0.0603	0.1332
002706.SZ	0.0204	0.0644	0.1101
002707.SZ	0.0233	0.0473	0.1271
002708.SZ	0.0105	0.0264	0.0411
002709.SZ	0.0582	0.1519	0.2369
002711.SZ	0.0372	0.0793	0.1137
002712.SZ	0.0251	0.0508	0.085
002713.SZ	-0.0674	-0.015	0.0164
002714.SZ	0.0993	0.2643	0.4086
002715.SZ	-0.0094	-0.0115	0.0075
002716.SZ	0.0162	0.0401	0.0655
002717.SZ	0.0191	0.0675	0.1028
002718.SZ	0.0185	0.0924	0.1046
002719.SZ	0.0053	0.0191	0.0404
002721.SZ	0.0126	0.0246	0.0391
002722.SZ	0.0163	0.0455	0.0711
002723.SZ	0.0101	0.0135	0.0084
002724.SZ	0.0137	0.001	0.013
002725.SZ	0.0141	0.032	0.0414
002726.SZ	0.0351	0.082	0.1242
002727.SZ	0.0455	0.0851	0.1208
002728.SZ	0.0245	0.0534	0.08
002729.SZ	0.0036	0.0176	0.0384
002730.SZ	0.0053	0.024	0.0336
002731.SZ	-0.0012	0.0098	0.0232
002732.SZ	0.0114	0.0616	0.1106
002733.SZ	0.0174	0.0467	0.0549
002734.SZ	0.037	0.0754	0.086
002735.SZ	0.0101	0.0264	0.0476
002736.SZ	0.0169	0.0459	0.0761
002737.SZ	0.0386	0.066	0.0501
002738.SZ	-0.0023	0.0294	0.0518
002739.SZ	0.0493	0.0852	0.1188
002740.SZ	0.0095	0.019	0.0411
002741.SZ	0.0085	0.0434	0.0643
002742.SZ	0.0208	0.0496	0.0616
002743.SZ	0.0085	0.0402	0.0342
002745.SZ	0.0201	0.041	0.0826
002746.SZ	0.0202	0.0743	0.1196
002747.SZ	0.0102	0.0461	0.0418
002748.SZ	0.0155	0.0378	0.0724
002749.SZ	0.0383	0.1225	0.1474
002750.SZ	0.0264	0.0558	0.1174
002751.SZ	-0.0009	0.0136	0.0317
002752.SZ	0.0401	0.0626	0.0937
002753.SZ	0.0122	0.0258	0.0567
002755.SZ	-0.0105	-0.0082	0.0016
002756.SZ	0.0185	0.0454	0.0697
002757.SZ	0.014	0.0415	0.0615
002758.SZ	0.0173	0.0383	0.0556
002759.SZ	0.0297	0.0466	0.0686
002760.SZ	0.0162	0.0192	0.0195
002761.SZ	0.0131	0.0156	0.0154
002762.SZ	0.0173	0.0346	0.0578
002763.SZ	0.0472	0.0783	0.1039
002765.SZ	0.0277	0.0591	0.0799
002766.SZ	0.016	0.0355	0.0616
002767.SZ	0.0173	0.031	0.052
002768.SZ	0.0324	0.0688	0.1074
002769.SZ	0.0583	0.1059	0.145
002770.SZ	0.0148	0.0373	0.0614
002771.SZ	0.022	0.0588	0.0766
002772.SZ	0.0811	0.0709	0.0731
002773.SZ	0.0399	0.0696	0.1181
002775.SZ	0.0067	0.0549	0.086
002776.SZ	0.0352	0.0597	0.0773
002777.SZ	0.0131	0.0663	0.0851
002778.SZ	0.0178	0.0295	0.0436
002779.SZ	0.0162	0.0362	0.057
002780.SZ	0.0016	0.0183	0.0246
002781.SZ	0.0254	0.0389	0.0607
002782.SZ	0.0235	0.0477	0.0789
002783.SZ	0.0125	0.0439	0.0653
002785.SZ	0.0042	0.0144	0.0235
002786.SZ	0.0284	0.0462	0.0684
002787.SZ	0.0309	0.071	0.0993
002788.SZ	0.0213	0.0532	0.076
002789.SZ	0.0261	0.0488	0.0691
002790.SZ	0.0334	0.0834	0.1271
002791.SZ	-0.0007	0.0519	0.0975
002792.SZ	0.0367	0.0836	0.1101
002793.SZ	0.0447	0.1062	0.1483
002795.SZ	0.0663	0.089	0.1241
002796.SZ	0.025	0.0571	0.0966
002797.SZ	0.0162	0.0313	0.0566
002798.SZ	-0.0055	0.0361	0.0541
002799.SZ	None	0.0391	0.0402
002800.SZ	0.0141	0.0443	0.0739
002801.SZ	0.0453	0.0835	0.1252
002802.SZ	0.0425	0.0608	0.0966
002803.SZ	0.0247	0.0685	0.0879
002805.SZ	0.0163	0.035	0.0375
002806.SZ	0.0136	0.0574	0.0673
002807.SZ	0.0242	0.0489	0.0645
002808.SZ	0.0172	0.0529	0.0592
002809.SZ	None	0.0774	0.0765
002810.SZ	None	0.0603	0.0725
002811.SZ	None	0.0705	0.0689
002812.SZ	None	0.1024	0.0979
002813.SZ	None	0.057	0.069
002815.SZ	0.0808	0.1665	0.1881
002816.SZ	None	0.0392	0.0612
002817.SZ	None	0.0973	0.1277
002818.SZ	None	0.1191	0.1729
002819.SZ	None	0.0417	0.0754
002820.SZ	None	0.1137	0.1702
002821.SZ	None	0.0977	0.1963
002822.SZ	None	0.056	0.1001
002823.SZ	None	0.1148	None
002825.SZ	None	0.1031	0.1546
300001.SZ	0.0201	0.0379	0.0501
300002.SZ	0.003	0.0495	0.0707
300003.SZ	0.0384	0.0816	0.1142
300004.SZ	0.0055	0.0083	0.0072
300005.SZ	0.0497	0.0453	0.0482
300006.SZ	0.0117	0.0196	0.0284
300007.SZ	0.0105	0.0348	0.048
300008.SZ	0.0083	0.0539	0.0628
300009.SZ	0.0292	0.0696	0.1125
300010.SZ	0.0048	0.0088	0.0165
300011.SZ	-0.002	0.0039	0.0297
300012.SZ	-0.0057	0.0114	0.0397
300013.SZ	0.005	0.004	0.0207
300014.SZ	0.0218	0.0512	0.0896
300015.SZ	0.0483	0.1069	0.186
300016.SZ	0.0228	0.0619	0.0882
300017.SZ	0.0549	0.1297	0.1942
300018.SZ	0.0075	0.0233	0.0419
300019.SZ	0.0228	0.0581	0.1005
300020.SZ	0.0138	0.0714	0.0812
300021.SZ	0.0221	0.021	0.0232
300022.SZ	0.0031	0.0957	0.0845
300023.SZ	0.0113	0.036	0.0352
300024.SZ	0.0103	0.0315	0.0469
300025.SZ	0.0062	0.0331	0.0422
300026.SZ	0.0235	0.0574	0.0865
300027.SZ	0.0267	0.0312	0.0644
300028.SZ	0.0049	0.0189	0.0256
300029.SZ	-0.0739	-0.0107	-0.1179
300030.SZ	0.0078	0.0158	0.0232
300031.SZ	0.0152	0.0455	0.0673
300032.SZ	0.039	0.057	0.0414
300033.SZ	0.0718	0.1725	0.3155
300034.SZ	0.0172	0.0381	0.055
300035.SZ	0.0066	0.0188	0.0254
300036.SZ	0.0025	0.0098	0.0315
300037.SZ	0.0265	0.0619	0.0926
300038.SZ	0.0033	0.0206	0.0367
300039.SZ	0.0406	0.0929	0.1242
300040.SZ	0.0062	0.0142	0.0248
300041.SZ	0.0251	0.0413	0.0507
300042.SZ	0.0142	0.0231	0.0392
300043.SZ	0.1007	0.1255	0.1703
300044.SZ	0.0086	0.0341	0.0441
300045.SZ	0.0086	0.0158	0.026
300046.SZ	0.0072	0.0132	0.0357
300047.SZ	-0.009	0.002	0.0151
300048.SZ	0.0255	0.0431	0.0606
300049.SZ	0.0059	0.0323	0.0393
300050.SZ	0.0116	0.0259	0.0408
300051.SZ	0.0149	0.0455	0.0631
300052.SZ	0.0034	0.0041	0.0084
300053.SZ	0.0081	0.0161	0.0288
300054.SZ	0.0315	0.0573	0.0978
300055.SZ	0.0239	0.0342	0.0479
300056.SZ	0.01	0.0688	0.0793
300057.SZ	0.0116	0.0153	0.0222
300058.SZ	0.0253	0.0794	0.1084
300059.SZ	0.0142	0.0328	0.0553
300061.SZ	0.0205	0.0601	0.0944
300062.SZ	0.0155	0.0375	0.073
300063.SZ	0.0137	0.0323	0.0581
300064.SZ	0.0163	0.0392	0.0572
300065.SZ	0.0097	0.0251	0.0416
300066.SZ	0.0202	0.0534	0.081
300067.SZ	0.029	0.0583	0.0661
300068.SZ	0.0197	0.0355	0.0562
300069.SZ	0.0188	0.0398	0.0443
300070.SZ	0.0026	0.0196	0.0315
300071.SZ	0.0188	0.058	0.1102
300072.SZ	0.0423	0.1589	0.2303
300073.SZ	0.0126	0.029	0.0493
300074.SZ	-0.0086	0.0057	0.0092
300075.SZ	0.0067	0.0349	0.0423
300076.SZ	-0.0005	0.001	-0.0018
300077.SZ	0.0093	0.0159	0.0165
300078.SZ	0.0209	0.0486	0.0758
300079.SZ	0.0147	0.0307	0.0443
300080.SZ	0.0007	0.0006	0.0011
300081.SZ	0.0027	0.006	-0.0054
300082.SZ	-0.005	0.0122	0.0357
300083.SZ	0.0057	0.0101	0.0159
300084.SZ	-0.0069	0.0027	0.0015
300085.SZ	0.0067	0.017	0.0548
300086.SZ	0.0104	0.0136	0.0185
300087.SZ	0.0031	-0.0105	-0.0145
300088.SZ	0.0124	0.038	0.0643
300089.SZ	0.0059	0.0136	0.0865
300090.SZ	0.0012	0.015	0.0304
300091.SZ	0.0237	0.041	0.058
300092.SZ	0.0036	0.0224	0.0279
300093.SZ	0.0005	0.0007	0.0006
300094.SZ	-0.0017	0.0051	0.0358
300095.SZ	0.0129	0.0229	0.0351
300096.SZ	-0.0059	0.0018	-0.0138
300097.SZ	-0.0043	0.0404	0.0369
300098.SZ	0.0186	0.0379	0.0569
300099.SZ	-0.0043	0.0031	-0.0057
300100.SZ	0.0364	0.075	0.1092
300101.SZ	0.0264	0.0537	0.0778
300102.SZ	0.0002	-0.0025	0.0091
300103.SZ	0.0057	0.0175	0.0244
300104.SZ	0.0287	0.0649	0.0717
300105.SZ	-0.0142	-0.0214	-0.0263
300106.SZ	-0.0155	-0.032	-0.0706
300107.SZ	0.0051	0.0142	0.0186
300108.SZ	0.0187	0.0371	0.064
300109.SZ	0.0174	0.0363	0.054
300110.SZ	0.0017	0.0021	0.0097
300111.SZ	0.0176	0.042	0.0386
300112.SZ	0.0014	0.0136	0.0279
300113.SZ	0.053	0.1386	0.2086
300114.SZ	0.0098	0.048	0.0659
300115.SZ	0.0406	0.0951	0.1374
300116.SZ	-0.0002	-0.0013	0.0199
300117.SZ	0.0077	0.0214	0.0357
300118.SZ	0.1079	0.1449	0.1559
300119.SZ	0.0147	0.0316	0.057
300120.SZ	0.0014	0.0127	0.0148
300121.SZ	0.0319	0.1146	0.2155
300122.SZ	0.0237	0.0048	0.0027
300123.SZ	-0.0115	0.0058	0.0096
300124.SZ	0.0338	0.0955	0.162
300125.SZ	-0.0114	-0.0214	-0.0262
300126.SZ	0.003	0.0082	0.0106
300127.SZ	0.0212	0.0504	0.0792
300128.SZ	-0.0061	-0.0163	0.0006
300129.SZ	0.0176	0.0534	0.0785
300130.SZ	0.004	0.0267	0.0593
300131.SZ	0.0401	0.0581	0.0833
300132.SZ	0.0067	0.0221	0.0367
300133.SZ	0.0194	0.045	0.0464
300134.SZ	0.0094	0.0194	0.0114
300135.SZ	0.0042	0.0165	0.0262
300136.SZ	0.0512	0.1126	0.2223
300137.SZ	0.0072	0.0313	0.0502
300138.SZ	0.0112	0.0353	0.0543
300139.SZ	0.0047	0.0057	0.0114
300140.SZ	-0.0056	-0.0019	-0.0052
300141.SZ	0.0009	0.0032	0.022
300142.SZ	-0.0186	-0.0729	-0.107
300143.SZ	0.0056	0.0095	0.0173
300144.SZ	0.034	0.0749	0.1287
300145.SZ	0.0108	0.0423	0.0798
300146.SZ	0.0505	0.0793	0.1227
300147.SZ	0.0092	0.0157	0.0225
300148.SZ	0.0054	0.0369	0.0374
300149.SZ	0.0202	0.0438	0.0727
300150.SZ	0.0009	0.0006	-0.0122
300151.SZ	0.0083	0.0248	0.0361
300152.SZ	-0.0109	0.0082	-0.0205
300153.SZ	0.0081	0.0151	0.0153
300154.SZ	0.0137	0.0306	0.0481
300155.SZ	-0.0104	0.0028	0.0118
300156.SZ	0.0547	0.1333	0.2244
300157.SZ	-0.0048	0.0047	0.0013
300158.SZ	0.0086	0.0176	0.029
300159.SZ	0.0003	0.0033	0.019
300160.SZ	0.0317	0.0627	0.0746
300161.SZ	-0.0266	-0.0452	-0.0442
300162.SZ	0.0094	0.0247	0.0378
300163.SZ	0.0048	0.0471	0.0659
300164.SZ	-0.0131	-0.009	0.0063
300165.SZ	0.0097	0.0243	0.035
300166.SZ	0.0178	0.0245	0.043
300167.SZ	-0.0186	-0.0202	-0.0423
300168.SZ	0.0026	0.0162	0.0436
300169.SZ	-0.0076	0.0031	0.01
300170.SZ	0.0234	0.0584	0.0858
300171.SZ	0.0297	0.05	0.0646
300172.SZ	0.0113	0.0464	0.0709
300173.SZ	0.0065	0.0292	0.0301
300174.SZ	0.0157	0.0397	0.0426
300175.SZ	0.0056	0.0173	0.035
300176.SZ	0.0209	0.0424	0.0528
300177.SZ	-0.0031	0.0111	0.0139
300178.SZ	0.0299	0.0551	0.085
300179.SZ	0.007	0.0119	0.0194
300180.SZ	0.0075	0.0214	0.036
300181.SZ	0.0178	0.0442	0.0567
300182.SZ	0.0166	0.0595	0.0902
300183.SZ	0.0254	0.06	0.1018
300184.SZ	0.011	0.0314	0.0408
300185.SZ	0.0034	0.0194	0.0274
300187.SZ	0.0053	0.0425	0.058
300188.SZ	0.0006	0.014	0.0272
300189.SZ	-0.0028	0.0037	-0.0176
300190.SZ	0.0126	0.0215	0.0332
300191.SZ	0.0042	0.0052	0.0088
300192.SZ	0.0131	0.0268	0.0418
300193.SZ	0.0067	0.0258	0.0401
300194.SZ	0.0142	0.0318	0.0517
300195.SZ	0.0145	0.0296	0.0373
300196.SZ	0.0368	0.0936	0.111
300197.SZ	-0.0011	0.0443	0.071
300198.SZ	0.0225	0.0166	0.0245
300199.SZ	0.0219	0.041	0.0747
300200.SZ	0.0221	0.0484	0.067
300201.SZ	-0.0095	0.0041	0.0338
300202.SZ	0.0066	0.0087	0.075
300203.SZ	0.0043	0.0359	0.1025
300204.SZ	0.0325	0.0699	0.1169
300205.SZ	0.0068	0.0315	0.0276
300206.SZ	0.0051	0.0193	0.0095
300207.SZ	0.0237	0.0784	0.147
300208.SZ	0.0715	0.1221	0.1633
300209.SZ	0.0034	0.0165	0.037
300210.SZ	0.0192	0.0276	0.0425
300211.SZ	0.007	0.0137	0.0167
300212.SZ	0.0085	0.0318	0.0337
300213.SZ	0.0059	0.0477	0.0806
300214.SZ	0.0126	0.0336	0.0499
300215.SZ	0.002	0.0111	0.031
300216.SZ	0.0186	0.0108	0.0188
300217.SZ	0.0058	0.0137	0.0233
300218.SZ	0.0095	0.0343	0.0491
300219.SZ	0.0614	0.0954	0.1308
300220.SZ	0.0117	0.0201	0.0263
300221.SZ	0.0545	0.1253	0.1795
300222.SZ	0.0238	0.0363	0.0674
300223.SZ	-0.0031	0.0028	0.0075
300224.SZ	0.0155	0.035	0.0534
300225.SZ	0.0204	0.0469	0.0592
300226.SZ	0.0183	0.0588	0.0566
300227.SZ	-0.0103	0.0011	0.0296
300228.SZ	-0.0129	-0.0361	-0.0546
300229.SZ	0.0014	0.0106	0.0276
300230.SZ	0.0188	0.0523	0.0545
300231.SZ	0.0303	0.1136	0.1679
300232.SZ	0.0194	0.062	0.1179
300233.SZ	0.0313	0.0565	0.0738
300234.SZ	0.0137	0.0194	0.0321
300235.SZ	0.0258	0.0143	0.0524
300236.SZ	0.0153	0.0272	0.0396
300237.SZ	0.0189	0.0674	0.1039
300238.SZ	0.0143	0.0262	0.0319
300239.SZ	0.0046	0.0118	0.0184
300240.SZ	0.0123	0.0331	0.0614
300241.SZ	0.0205	0.0289	0.0532
300242.SZ	0.0293	0.0562	0.0725
300243.SZ	0.0168	0.0329	0.0477
300244.SZ	0.0276	0.0929	0.1267
300245.SZ	0.0094	0.0531	0.0671
300246.SZ	0.0324	0.0669	0.1168
300247.SZ	0.0056	0.0105	0.0223
300248.SZ	0.0066	0.0115	0.0353
300249.SZ	0.002	0.0155	0.0305
300250.SZ	0.006	0.042	0.062
300251.SZ	0.031	0.0466	0.0844
300252.SZ	0.0708	0.1283	0.1684
300253.SZ	0.0155	0.2631	0.2843
300254.SZ	0.0084	0.0253	0.0365
300255.SZ	0.0189	0.0448	0.0544
300256.SZ	0.0028	0.0089	0.0275
300257.SZ	0.0053	0.0132	0.0224
300258.SZ	0.0324	0.0699	0.1016
300259.SZ	0.0188	0.0426	0.0537
300260.SZ	0.002	0.0037	0.0098
300261.SZ	0.0119	0.0144	0.0248
300262.SZ	0.0208	0.1146	0.1215
300263.SZ	0.0011	0.0076	0.0164
300264.SZ	-0.0103	-0.0048	-0.0224
300265.SZ	0.0262	0.0776	0.1004
300266.SZ	0.0232	0.0586	0.074
300267.SZ	0.0394	0.1197	0.1601
300268.SZ	-0.01	-0.0255	-0.0405
300269.SZ	0.0213	0.0371	0.0659
300270.SZ	0.0286	0.0603	0.0547
300271.SZ	0.0187	0.0788	0.1105
300272.SZ	0.016	0.0565	0.0958
300273.SZ	0.0232	0.0438	0.0961
300274.SZ	0.0421	0.0531	0.07
300275.SZ	-0.0361	-0.0543	-0.0855
300276.SZ	0.0039	0.0139	0.0111
300277.SZ	-0.007	-0.0293	-0.0399
300278.SZ	0.0245	0.0414	0.0504
300279.SZ	0.0244	0.0432	0.0634
300280.SZ	0.0074	0.0083	0.0069
300281.SZ	0.0073	0.0348	0.0404
300282.SZ	0.0149	0.033	0.072
300283.SZ	0.0075	0.0313	0.0578
300284.SZ	0.0204	0.047	0.0882
300285.SZ	0.0126	0.045	0.0758
300286.SZ	0.0284	0.0727	0.1174
300287.SZ	0.0172	0.0342	0.0734
300288.SZ	0.0152	0.0391	0.0597
300289.SZ	0.0151	0.0295	0.0393
300290.SZ	0.0048	0.0159	0.0213
300291.SZ	0.0102	0.0235	0.0356
300292.SZ	0.0171	0.053	0.0721
300293.SZ	0.0091	0.0065	0.0022
300294.SZ	0.0203	0.0556	0.0927
300295.SZ	0.0237	0.0617	0.0935
300296.SZ	0.0339	0.0754	0.094
300297.SZ	0.016	0.0344	0.0616
300298.SZ	0.0363	0.0431	0.0953
300299.SZ	0.0108	0.0305	0.0544
300300.SZ	0.0285	0.0169	0.0308
300301.SZ	0.0102	0.0207	0.0291
300302.SZ	0.0135	0.0742	0.1087
300303.SZ	0.0168	0.0347	0.0629
300304.SZ	0.0247	0.049	0.061
300305.SZ	0.0122	0.0265	0.0371
300306.SZ	0.0118	0.0357	0.0554
300307.SZ	0.0119	0.029	0.0315
300308.SZ	-0.0119	0.0097	0.0076
300309.SZ	-0.0084	-0.0062	-0.0125
300310.SZ	0.0272	0.0565	0.0894
300311.SZ	0.0081	0.0425	0.0609
300312.SZ	-0.0344	-0.0336	-0.059
300313.SZ	-0.0406	-0.0723	-0.1438
300314.SZ	0.0255	0.0441	0.0661
300315.SZ	0.0306	0.0572	0.0757
300316.SZ	0.0141	0.0412	0.0697
300317.SZ	0.0198	0.0418	0.062
300318.SZ	0.0017	0.0088	0.0147
300319.SZ	0.0159	0.0352	0.0916
300320.SZ	0.026	0.0529	0.0767
300321.SZ	0.0116	0.0258	0.0411
300322.SZ	0.0333	0.0973	0.1252
300323.SZ	-0.0084	0.0216	0.0564
300324.SZ	0.0277	0.0719	0.1392
300325.SZ	0.011	0.0265	0.0472
300326.SZ	0.0212	0.046	0.0818
300327.SZ	0.0235	0.0605	0.1062
300328.SZ	0.0065	0.0203	0.0259
300329.SZ	0.0115	0.0229	0.0335
300330.SZ	-0.003	-0.0191	-0.0256
300331.SZ	0.0093	0.0109	0.0224
300332.SZ	0.0096	0.026	0.0381
300333.SZ	0.0091	0.0177	0.0256
300334.SZ	0.0009	0.0045	0.0154
300335.SZ	0.0112	0.0344	0.0693
300336.SZ	0.0207	0.0437	0.062
300337.SZ	-0.0053	0.0015	0.0068
300338.SZ	0.0032	0.0067	0.0092
300339.SZ	0.0079	0.0157	0.0297
300340.SZ	0.0028	0.0052	0.0073
300341.SZ	0.011	0.043	0.0759
300342.SZ	0.037	0.0723	0.1064
300343.SZ	0.0079	0.0303	0.0569
300344.SZ	-0.0166	-0.0577	0.0111
300345.SZ	0.0139	0.0139	0.0149
300346.SZ	0.0005	0.003	0.012
300347.SZ	0.0321	0.0622	0.0786
300348.SZ	0.0136	0.0087	0.08
300349.SZ	0.0233	0.0414	0.0583
300350.SZ	0.011	0.0199	0.0395
300351.SZ	0.0223	0.0414	0.058
300352.SZ	0.0005	0.0204	0.0266
300353.SZ	0.0053	0.0242	0.0436
300354.SZ	-0.0058	0.0044	0.0034
300355.SZ	-0.0098	0.0583	0.1007
300356.SZ	0.0015	0.0041	0.0177
300357.SZ	0.0477	0.0931	0.1693
300358.SZ	0.0165	0.0326	0.0612
300359.SZ	0.0068	0.0185	0.0217
300360.SZ	0.0466	0.1135	0.1717
300362.SZ	0.0016	0.0126	0.0349
300363.SZ	0.0402	0.0802	0.1033
300364.SZ	-0.0284	0.0139	0.0078
300365.SZ	0.0047	0.0464	0.0684
300366.SZ	-0.0074	0.0092	0.0215
300367.SZ	0.0167	0.034	0.0552
300368.SZ	-0.0092	-0.0149	0.006
300369.SZ	-0.0199	0.0017	0.0086
300370.SZ	-0.0189	-0.0138	0.0085
300371.SZ	-0.009	0.0163	0.0571
300372.SZ	0.001	-0.0058	-0.0142
300373.SZ	0.0457	0.1098	0.1042
300374.SZ	-0.0059	0.0069	0.0156
300375.SZ	0.0267	0.0544	0.0841
300376.SZ	0.0268	0.1118	0.113
300377.SZ	0.0011	0.0141	0.0207
300378.SZ	-0.0057	0.018	0.0263
300379.SZ	0.0039	0.0104	0.0356
300380.SZ	0.0067	0.0179	0.0159
300381.SZ	0.0082	0.0207	0.0419
300382.SZ	0.0211	0.0677	0.067
300383.SZ	0.0759	0.0401	0.0635
300384.SZ	0.0561	0.0684	0.0876
300385.SZ	0.018	0.0462	0.0568
300386.SZ	0.0056	0.0193	0.0347
300387.SZ	0.027	0.0727	0.1002
300388.SZ	0.0127	0.0399	0.0687
300389.SZ	0.0259	0.0698	0.1086
300390.SZ	0.0063	0.014	0.0244
300391.SZ	0.0037	0.0063	0.0123
300392.SZ	0.0273	0.0281	-0.0092
300393.SZ	0.0427	0.0947	0.1413
300394.SZ	0.0414	0.0877	0.1267
300395.SZ	0.0132	0.0601	0.0992
300396.SZ	0.0221	0.0616	0.0874
300397.SZ	-0.0079	-0.0179	-0.0409
300398.SZ	0.0231	0.0489	0.0713
300399.SZ	0.0313	0.047	0.0655
300400.SZ	0.0032	0.0517	0.0759
300401.SZ	0.0059	0.0219	0.0368
300402.SZ	-0.0418	-0.0866	-0.1325
300403.SZ	0.0408	0.0856	0.1235
300404.SZ	0.0004	-0.0039	0.0068
300405.SZ	0.0024	0.0073	0.0071
300406.SZ	0.053	0.1009	0.152
300407.SZ	-0.0058	0.0137	0.1162
300408.SZ	0.0512	0.1147	0.1691
300409.SZ	0.0112	0.0558	0.0953
300410.SZ	0.0038	0.0238	0.0458
300411.SZ	0.01	0.0361	0.0611
300412.SZ	0.0189	0.0667	0.0776
300413.SZ	0.008	0.0177	0.0216
300414.SZ	0.0286	0.0538	0.0673
300415.SZ	0.0161	0.0658	0.0941
300416.SZ	-0.0008	0.0438	0.0668
300417.SZ	0.0139	0.0453	0.0564
300418.SZ	0.0353	0.0889	0.1712
300419.SZ	0.0104	0.0208	0.0311
300420.SZ	0.0043	0.0346	0.0545
300421.SZ	0.0217	0.046	0.0479
300422.SZ	0.0116	0.0547	0.0603
300423.SZ	0.0059	0.0197	0.0306
300424.SZ	0.0012	0.0242	0.0442
300425.SZ	0.0057	0.0311	0.0401
300426.SZ	0.0098	0.0637	0.108
300427.SZ	-0.0103	0.023	0.0254
300428.SZ	0.0245	0.0563	0.0819
300429.SZ	0.0378	0.0902	0.1227
300430.SZ	0.0182	0.0495	0.0577
300431.SZ	0.0053	0.0282	0.027
300432.SZ	0.059	0.1208	0.1694
300433.SZ	0.0157	0.0211	0.0661
300434.SZ	0.0064	0.0308	0.0402
300435.SZ	0.0272	0.0447	0.0719
300436.SZ	0.0529	0.0781	0.1115
300437.SZ	0.0228	0.0395	0.03
300438.SZ	0.0252	0.0519	0.1004
300439.SZ	0.0298	0.065	0.1063
300440.SZ	0.0087	0.0399	0.0625
300441.SZ	0.0137	0.0361	0.0707
300442.SZ	0.0035	0.0038	0.0025
300443.SZ	0.056	0.0938	0.1134
300444.SZ	0.0115	0.0267	0.0592
300445.SZ	0.0128	0.036	0.0601
300446.SZ	0.0672	0.1205	0.1716
300447.SZ	0.0412	0.0836	0.1462
300448.SZ	-0.0261	-0.0673	0.0237
300449.SZ	-0.0198	0.0277	0.0189
300450.SZ	0.068	0.1288	0.1994
300451.SZ	0.0013	-0.0051	0.0329
300452.SZ	0.0341	0.0733	0.0955
300453.SZ	0.0176	0.0359	0.0574
300455.SZ	0.0185	0.0299	0.0605
300456.SZ	0.0021	0.024	0.0184
300457.SZ	0.0414	0.1068	0.1667
300458.SZ	0.0251	0.0427	0.0762
300459.SZ	0.0308	0.0248	0.0498
300460.SZ	0.0064	0.0192	0.024
300461.SZ	0.018	0.0123	0.0117
300462.SZ	0.0137	0.0522	0.0745
300463.SZ	0.0338	0.0803	0.1175
300464.SZ	0.0156	0.0359	0.0589
300465.SZ	0.0026	0.0063	0.0157
300466.SZ	0.0075	0.0143	0.028
300467.SZ	0.0393	0.045	0.0757
300468.SZ	0.0098	0.0271	0.0525
300469.SZ	-0.0636	-0.0356	0.0035
300470.SZ	0.0197	0.0438	0.0728
300471.SZ	0.005	0.0403	0.0585
300472.SZ	0.0037	0.008	0.0131
300473.SZ	0.0173	0.042	0.06
300474.SZ	0.0383	0.0867	0.1456
300475.SZ	0.0284	0.0468	0.0732
300476.SZ	0.0315	0.075	0.122
300477.SZ	-0.0185	0.0414	0.0597
300478.SZ	0.0046	0.0306	0.0467
300479.SZ	0.008	0.0202	0.025
300480.SZ	0.0026	0.032	0.033
300481.SZ	0.0294	0.0741	0.1076
300482.SZ	0.0366	0.1084	0.1546
300483.SZ	0.0279	0.0323	0.0323
300484.SZ	0.0686	0.1739	0.2596
300485.SZ	0.0308	0.0684	0.1028
300486.SZ	-0.0247	-0.0419	-0.0746
300487.SZ	0.0131	0.0365	0.0644
300488.SZ	0.0211	0.0582	0.0856
300489.SZ	0.009	0.0249	0.0433
300490.SZ	0.0155	0.0367	0.0498
300491.SZ	0.016	0.0477	0.0683
300492.SZ	-0.0034	0.0132	0.0254
300493.SZ	0.0199	0.0519	0.0768
300494.SZ	0.0111	0.0475	0.0836
300495.SZ	0.0153	0.0678	0.0911
300496.SZ	0.0332	0.074	0.0972
300497.SZ	0.06	0.1385	0.1873
300498.SZ	0.1294	0.2884	0.4197
300499.SZ	-0.008	0.0443	0.0521
300500.SZ	0.0176	0.0631	0.0716
300501.SZ	0.033	0.0825	0.1155
300502.SZ	0.0299	0.0662	0.1076
300503.SZ	0.012	0.0512	0.0952
300505.SZ	0.0121	0.0442	0.0907
300506.SZ	0.0252	0.0608	0.1205
300507.SZ	0.064	0.0831	0.123
300508.SZ	0.0423	0.087	0.1133
300509.SZ	0.0577	0.0632	0.0877
300510.SZ	0.0191	0.0403	0.0708
300511.SZ	0.0789	0.0136	0.0335
300512.SZ	0.0605	0.0875	0.1327
300513.SZ	-0.0071	0.0222	0.0092
300515.SZ	0.0248	0.0471	0.069
300516.SZ	0.0515	0.0697	0.0708
300517.SZ	0.0179	0.0578	0.061
300518.SZ	0.0365	0.0667	0.0928
300519.SZ	0.1211	0.1287	0.185
300520.SZ	-0.0049	0.0364	0.0511
300521.SZ	0.0252	0.0477	0.0951
300522.SZ	0.0556	0.0766	0.1365
300523.SZ	None	0.0414	0.0097
300525.SZ	0.0074	0.0209	0.0395
300526.SZ	0.0323	0.064	0.0619
300527.SZ	0.0022	0.0775	0.0624
300528.SZ	0.0127	0.0503	0.0473
300529.SZ	0.0798	0.1636	0.1653
300530.SZ	None	0.0862	0.0936
300531.SZ	0.0546	0.0914	0.0938
300532.SZ	0.0148	0.0824	0.0686
300533.SZ	0.0902	0.1715	0.12
300534.SZ	None	0.0589	0.0685
300535.SZ	0.0335	0.0755	0.0845
300536.SZ	None	0.0866	0.1025
300537.SZ	0.0334	0.083	0.0854
300538.SZ	None	0.0841	0.0954
300539.SZ	None	0.067	0.0849
300540.SZ	None	0.0917	0.0766
300541.SZ	None	0.0706	0.0467
300542.SZ	None	0.0182	0.0213
300543.SZ	None	0.1312	0.1446
300545.SZ	None	0.0696	0.0679
300546.SZ	None	0.0667	0.0781
300547.SZ	None	0.1202	0.1179
300548.SZ	None	0.1033	0.1237
300549.SZ	None	0.1124	0.1128
300550.SZ	None	0.08	0.1517
300551.SZ	None	0.0521	0.0551
300552.SZ	None	0.0846	0.1321
300553.SZ	None	0.0948	0.1422
300555.SZ	None	0.0887	0.139
300556.SZ	None	0.0367	0.0433
300557.SZ	None	0.0308	0.0594
300558.SZ	None	0.2133	0.2953
300559.SZ	None	0.1164	0.1535
300560.SZ	None	0.0811	0.1037
300561.SZ	None	0.2119	0.2363
300562.SZ	None	0.1495	None
300563.SZ	None	0.0788	0.1114
300565.SZ	None	0.0951	0.1495
300566.SZ	None	0.0733	0.1605
300567.SZ	None	0.114	0.1852
300568.SZ	None	0.1702	0.2199
300569.SZ	None	0.1583	0.2138
300570.SZ	None	None	0.1913
300572.SZ	None	0.0947	0.1424
600000.SH	0.0423	0.081	0.1205
600004.SH	0.0348	0.0701	0.1046
600005.SH	0.0011	0.0096	0.013
600006.SH	0.0188	0.0345	0.0352
600007.SH	0.0307	0.0658	0.0942
600008.SH	0.0112	0.0301	0.0442
600009.SH	0.0311	0.0683	0.1004
600010.SH	-0.0118	0.0006	0.005
600011.SH	0.0484	0.0792	0.1158
600012.SH	0.0308	0.059	0.0846
600015.SH	0.0341	0.0753	0.1099
600016.SH	0.0448	0.0878	0.1248
600017.SH	0.0078	0.0157	0.0225
600018.SH	0.0203	0.0492	0.0662
600019.SH	0.0135	0.0304	0.0485
600020.SH	0.0133	0.0316	0.0527
600021.SH	0.032	0.0577	0.0784
600022.SH	-0.0203	0.0014	0.0015
600023.SH	0.0262	0.0748	0.1029
600026.SH	0.006	0.0692	0.0841
600027.SH	0.0421	0.0626	0.0871
600028.SH	0.0091	0.0281	0.0426
600029.SH	0.0666	0.0776	0.1546
600030.SH	0.0118	0.0381	0.057
600031.SH	0.0039	0.006	0.0076
600033.SH	0.0211	0.0424	0.0658
600035.SH	0.033	0.0534	0.0776
600036.SH	0.0496	0.0953	0.1377
600037.SH	0.0159	0.0349	0.0501
600038.SH	0.0085	0.0266	0.0457
600039.SH	0.0131	0.0415	0.0651
600048.SH	0.0189	0.0647	0.0914
600050.SH	0.0018	0.0057	0.0062
600051.SH	0.0023	0.0176	0.0509
600052.SH	-0.005	0.2836	0.2593
600053.SH	0.0257	0.1355	0.2127
600054.SH	0.0192	0.058	0.1053
600055.SH	-0.0079	0.027	0.0373
600056.SH	0.0464	0.0919	0.1234
600057.SH	0.0128	0.025	0.0601
600058.SH	0.032	0.0224	0.006
600059.SH	0.0163	0.0213	0.0251
600060.SH	0.0438	0.0605	0.0932
600061.SH	0.0245	0.052	0.0791
600062.SH	0.0294	0.0693	0.0949
600063.SH	0.0074	0.0173	0.0271
600064.SH	0.0305	0.0844	0.0976
600066.SH	0.029	0.1045	0.1845
600067.SH	0.0002	0.0049	0.0349
600068.SH	0.0316	0.0655	0.0777
600069.SH	-0.0181	-0.0316	-0.0453
600070.SH	0.0016	0.0065	0.0065
600071.SH	-0.0258	-0.0657	-0.1003
600072.SH	-0.019	-0.0449	-0.0562
600073.SH	0.0423	0.0662	0.0935
600074.SH	0.0897	0.2047	0.2213
600075.SH	0.0174	0.1535	0.1481
600076.SH	0.0426	0.0738	0.1068
600077.SH	-0.0096	0.0273	0.0223
600078.SH	0.0062	0.0146	0.022
600079.SH	0.0189	0.0529	0.0704
600080.SH	0.0029	0.012	0.0241
600081.SH	0.0284	0.056	0.071
600082.SH	-0.0111	-0.019	-0.028
600083.SH	0.0333	0.0502	0.0882
600084.SH	-0.0185	-0.0194	-0.0288
600085.SH	0.0363	0.0777	0.1031
600086.SH	0.0409	0.0685	0.077
600088.SH	-0.0079	-0.0028	-0.0111
600089.SH	0.0259	0.0566	0.0811
600090.SH	0.0462	0.0617	0.0863
600091.SH	-0.022	-0.0401	0.0568
600093.SH	0.0166	0.0447	0.0767
600094.SH	0.0289	0.0678	0.1024
600095.SH	-0.0034	-0.0125	-0.0163
600096.SH	-0.0631	-0.1648	-0.2763
600097.SH	-0.1236	-0.1612	-0.2186
600098.SH	0.0113	0.0337	0.0659
600099.SH	0.0027	0.0029	0.0039
600100.SH	0.2572	0.2451	0.2528
600101.SH	0.016	0.0248	0.0463
600103.SH	-0.0211	0.0027	0.0169
600104.SH	0.0442	0.0858	0.1285
600105.SH	0.0203	0.051	0.0706
600106.SH	0.0144	0.0509	0.0736
600107.SH	-0.0085	-0.024	-0.0203
600108.SH	0.0029	0.0085	0.0116
600109.SH	0.0192	0.0385	0.0603
600110.SH	0.0048	0.0106	0.0146
600111.SH	0.0008	0.0038	0.0041
600112.SH	0.0041	0.0052	0.0047
600113.SH	0.0453	0.1031	0.1546
600114.SH	0.0225	0.0505	0.069
600115.SH	0.0716	0.0789	0.1565
600116.SH	0.0206	0.0519	0.0847
600117.SH	-0.2696	-0.4039	-0.3902
600118.SH	0.0122	0.0351	0.0501
600119.SH	0.0243	0.0844	0.1415
600120.SH	0.0255	0.0778	0.0878
600121.SH	-0.0354	-0.0564	-0.0408
600122.SH	0.0069	0.018	0.0374
600123.SH	-0.0158	-0.0194	-0.0251
600125.SH	0.0109	0.0259	0.0393
600126.SH	0.0165	0.0418	0.0645
600127.SH	0.0091	0.0132	0.0184
600128.SH	0.0032	0.0147	0.0242
600129.SH	0.7013	0.7262	0.7128
600130.SH	0.0109	0.0157	0.0223
600131.SH	0.0471	0.1293	0.1682
600132.SH	0.0218	0.0861	0.2152
600133.SH	0.007	0.0092	0.0195
600135.SH	0.0089	0.0182	0.0255
600136.SH	0.0003	0.0128	0.0346
600137.SH	0.0081	0.0069	0.0188
600138.SH	0.0169	0.0664	0.0905
600139.SH	-0.0444	-0.12	-0.2544
600141.SH	0.0031	0.0071	0.0154
600143.SH	0.0294	0.0535	0.0724
600145.SH	-0.0035	0.0234	0.0382
600146.SH	-0.0234	-0.1488	-0.0115
600148.SH	0.0005	0.0063	0.0281
600149.SH	-0.0637	-0.0709	-0.0761
600150.SH	0.0066	0.001	-0.0252
600151.SH	0.0112	0.0234	0.0182
600152.SH	-0.0192	-0.0784	-0.1193
600153.SH	0.0166	0.0446	0.0672
600155.SH	-0.0296	-0.1113	-0.002
600156.SH	-0.0177	-0.0451	-0.0564
600157.SH	0.0025	0.0107	0.0209
600158.SH	-0.0073	0.0046	0.0132
600159.SH	0.01	0.0416	0.0486
600160.SH	-0.0048	0.0068	0.008
600161.SH	-0.0003	0.0487	0.0904
600162.SH	0.0234	0.0547	0.104
600163.SH	0.0259	0.0347	0.0391
600165.SH	-0.0211	-0.0572	-0.0877
600166.SH	0.004	0.0079	0.0125
600167.SH	0.1092	0.1931	0.1833
600168.SH	0.0178	0.0396	0.0566
600169.SH	-0.0417	-0.1152	-0.1983
600170.SH	0.0224	0.049	0.0741
600171.SH	0.0058	0.0151	0.0212
600172.SH	0.0221	0.0396	0.0551
600173.SH	0.0111	0.03	0.0369
600175.SH	-0.0211	0.0024	0.0107
600176.SH	0.0363	0.0764	0.1123
600177.SH	0.1217	0.1433	0.1544
600178.SH	0.002	0.0313	0.0402
600179.SH	None	None	0.2567
600180.SH	0.034	0.0438	0.069
600182.SH	0.032	0.0742	0.1167
600183.SH	0.0322	0.0684	0.106
600184.SH	0.0003	0.0033	0.0034
600185.SH	0.0389	0.0575	0.0666
600186.SH	0.1124	-0.063	-0.6511
600187.SH	-0.004	0.0079	0.0072
600188.SH	0.0061	0.0147	0.0249
600189.SH	0.0668	0.0433	0.0282
600190.SH	0.0023	0.0043	0.0068
600191.SH	0.0009	0.0056	0.0072
600192.SH	0.0023	0.0102	0.012
600193.SH	0.0028	0.0024	0.008
600195.SH	0.0264	0.0428	0.0691
600196.SH	0.0344	0.0807	0.1152
600197.SH	0.047	0.0764	0.1251
600198.SH	-0.0379	-0.0966	-0.1663
600199.SH	0.0122	0.0048	0.0045
600200.SH	-0.0062	0.0026	0.0269
600201.SH	0.0884	0.1343	0.1715
600202.SH	-0.0305	-0.0542	-0.1003
600203.SH	0.011	0.0184	0.0374
600206.SH	0.0011	0.0062	0.0105
600207.SH	0.0009	0.0015	0.0012
600208.SH	0.0048	0.0137	0.0295
600209.SH	-0.0096	-0.056	-0.0693
600210.SH	0.0121	0.0443	0.0595
600211.SH	0.0401	0.1219	0.2207
600212.SH	0.0197	0.0589	0.0791
600213.SH	-0.2201	0.1932	0.4922
600215.SH	-0.0085	0.011	0.0062
600216.SH	0.0098	0.029	0.06
600217.SH	0.0003	0.0288	0.0699
600218.SH	0.0155	0.0332	0.0484
600219.SH	0.0031	0.0103	0.0194
600220.SH	0.0185	0.0455	0.0702
600221.SH	0.0407	0.0471	0.0761
600222.SH	0.0009	0.0012	0.0015
600223.SH	0.0085	0.0152	0.0359
600225.SH	-0.2113	-0.2962	-0.3271
600226.SH	0.0513	0.1005	0.1684
600227.SH	-0.0226	-0.0512	-0.0374
600228.SH	-0.1262	-0.3066	-0.4992
600229.SH	0.0287	0.0607	0.0773
600230.SH	-0.0578	-0.0202	0.0704
600231.SH	-0.026	-0.0158	0.0027
600232.SH	0.0032	0.0068	0.0159
600233.SH	0.0118	0.0135	0.2189
600234.SH	-0.0374	0.0464	0.0161
600235.SH	0.002	0.0017	0.0065
600236.SH	0.0567	0.146	0.1915
600237.SH	0.0011	-0.0214	-0.0445
600238.SH	-0.0316	-0.0515	-0.0747
600239.SH	-0.0338	-0.0775	-0.1213
600240.SH	0.0404	0.0707	0.1751
600241.SH	-0.0188	-0.0255	-0.0137
600242.SH	-0.1142	-0.3419	-0.0094
600243.SH	-0.0123	-0.0228	-0.0292
600246.SH	0.0016	0.0867	0.0441
600247.SH	-0.091	-0.2374	-0.9067
600248.SH	0.0107	0.0298	0.0456
600249.SH	-0.0219	-0.0378	-0.0448
600250.SH	-0.0662	-0.0485	-0.1693
600251.SH	-0.0025	0.0053	0.0064
600252.SH	0.0279	0.0553	0.0847
600255.SH	-0.0124	-0.0186	-0.0252
600256.SH	0.0025	0.0062	0.015
600257.SH	0.0076	0.0098	0.007
600258.SH	0.006	0.0121	0.1302
600259.SH	-0.1315	-0.2099	-0.2508
600260.SH	0.0135	0.0282	0.0393
600261.SH	0.0339	0.0745	0.1186
600262.SH	-0.0091	-0.0074	-0.0029
600265.SH	None	None	None
600266.SH	0.0091	0.0227	0.0356
600267.SH	0.0009	0.003	0.0045
600268.SH	-0.0618	-0.0606	-0.0617
600269.SH	0.0145	0.056	0.069
600270.SH	0.0201	0.0679	0.098
600271.SH	0.0443	0.0752	0.1128
600272.SH	0.0085	0.0235	0.0288
600273.SH	0.0533	0.1114	0.1489
600275.SH	-0.0293	-0.085	-0.1329
600276.SH	0.0666	0.1252	0.1781
600277.SH	0.0029	0.0167	0.0232
600278.SH	0.0127	0.0254	0.0359
600279.SH	0.006	0.0109	0.0192
600280.SH	0.0252	0.0446	0.0476
600281.SH	-0.0094	-0.2021	-0.0473
600282.SH	0.0018	0.0228	0.0354
600283.SH	0.0019	-0.0024	-0.1109
600284.SH	0.0118	0.0287	0.0447
600285.SH	0.0309	0.0511	0.1788
600287.SH	0.0168	0.025	0.0327
600288.SH	-0.0141	-0.0044	-0.0031
600289.SH	0.0035	0.009	0.0077
600290.SH	0.0036	0.0124	0.0074
600291.SH	0.0051	0.0006	0.0036
600292.SH	0.0126	0.0121	0.0234
600293.SH	0.0015	0.0063	0.0108
600295.SH	0.0122	0.0146	0.0252
600297.SH	0.0344	0.0637	0.0912
600298.SH	0.0366	0.0836	0.1215
600299.SH	0.0529	0.1022	0.1399
600300.SH	0.0118	0.0298	0.0355
600301.SH	-0.0342	-0.0602	-0.1384
600302.SH	-0.0109	-0.026	-0.0323
600303.SH	0.0397	0.0338	0.0135
600305.SH	0.0244	0.0515	0.0782
600306.SH	None	None	None
600307.SH	-0.0298	0.0247	0.0485
600308.SH	0.0043	0.0111	0.0186
600309.SH	0.0383	0.1136	0.1983
600310.SH	0.0067	0.0423	0.0396
600311.SH	-0.0323	-0.0483	-0.0532
600312.SH	0.022	0.086	0.139
600313.SH	0.0019	0.0046	0.0091
600315.SH	0.022	0.063	0.0773
600316.SH	-0.0051	0.0002	0.0002
600317.SH	0.0106	0.0219	0.0349
600318.SH	0.0652	0.0672	0.0878
600319.SH	None	None	None
600320.SH	0.0036	0.0075	0.0104
600321.SH	-0.0071	-0.0501	-0.0363
600322.SH	0.0007	-0.0195	-0.0612
600323.SH	0.0239	0.0583	0.0946
600325.SH	0.0022	0.0283	0.0319
600326.SH	0.0012	0.0357	0.0762
600327.SH	0.0404	0.0696	0.069
600328.SH	0.0049	0.0268	0.0378
600329.SH	0.0301	0.0649	0.0866
600330.SH	0.0142	0.0262	0.0306
600331.SH	-0.0112	0.0055	0.0112
600332.SH	0.0473	0.0938	0.0818
600333.SH	0.014	0.0009	0.018
600335.SH	0.034	0.0761	0.0862
600336.SH	0.0289	0.0616	0.0576
600337.SH	0.0139	0.0436	0.0711
600338.SH	0.1844	0.349	0.5256
600339.SH	-0.6453	None	None
600340.SH	0.0737	0.2194	0.2517
600343.SH	0.0024	0.0064	0.0085
600345.SH	0.0102	0.02	0.0412
600346.SH	0.0886	0.169	0.2316
600348.SH	0.0008	0.0065	0.0097
600350.SH	0.0225	0.0551	0.1043
600351.SH	0.0257	0.0332	0.0257
600352.SH	0.0218	0.0681	0.0982
600353.SH	0.0086	0.0197	0.0325
600354.SH	-0.0534	-0.0942	-0.1666
600355.SH	0.0039	0.0048	0.007
600356.SH	0.0126	0.02	0.0336
600358.SH	-0.0236	-0.0688	-0.1108
600359.SH	-0.021	-0.0802	-0.1541
600360.SH	0.0044	0.0129	0.0189
600361.SH	-0.0159	-0.0239	-0.0511
600362.SH	0.0044	0.0103	0.0213
600363.SH	0.0164	0.0508	0.079
600365.SH	0.0028	0.0034	0.0015
600366.SH	0.1566	0.178	0.1894
600367.SH	0.0018	0.0275	0.0272
600368.SH	0.0326	0.0494	0.0665
600369.SH	0.0185	0.0457	0.0556
600370.SH	0.0116	0.0269	0.0371
600371.SH	0.027	0.0729	0.0773
600372.SH	0.0088	0.0224	0.0386
600373.SH	0.0383	0.0633	0.0969
600375.SH	-0.0059	-0.0808	-0.084
600376.SH	0.0253	0.0362	0.0471
600377.SH	0.0371	0.077	0.1158
600378.SH	0.0013	0.0164	0.0191
600379.SH	0.0152	0.054	0.0895
600380.SH	0.0332	0.0538	0.0735
600381.SH	0.0129	0.0305	0.049
600382.SH	0.007	0.0453	0.0531
600383.SH	0.0099	0.0239	0.0519
600385.SH	-0.0087	0.0456	0.025
600386.SH	0.0142	0.0292	0.0511
600387.SH	-0.0353	-0.0503	-0.0004
600388.SH	0.0212	0.055	0.117
600389.SH	0.0056	0.0032	0.0062
600390.SH	0.0357	0.0619	0.0797
600391.SH	0.0035	0.0184	0.0232
600392.SH	-0.0127	-0.0193	-0.0566
600393.SH	-0.0038	0.0238	0.0289
600395.SH	-0.0189	0.0	0.0135
600396.SH	0.0386	0.0472	0.0555
600397.SH	-0.0397	-0.0747	-0.2329
600398.SH	0.1092	0.2102	0.2739
600399.SH	0.0252	0.0534	0.0673
600400.SH	0.0129	0.0269	0.0311
600401.SH	0.0025	0.0085	0.0091
600403.SH	-0.0571	-0.1192	-0.1623
600405.SH	-0.034	-0.0285	0.0285
600406.SH	0.0017	0.0356	0.0946
600408.SH	-0.0803	-0.2588	-0.3339
600409.SH	0.0199	0.0458	0.087
600410.SH	0.0023	0.0138	0.0071
600415.SH	0.0221	0.0601	0.0857
600416.SH	0.0014	0.0188	0.019
600418.SH	0.0328	0.0675	0.0748
600419.SH	0.0287	0.0745	0.1071
600420.SH	0.0282	0.065	0.0799
600421.SH	-0.0823	-0.1584	-0.1918
600422.SH	0.0255	0.0742	0.0973
600423.SH	-0.1189	-0.3583	-0.7534
600425.SH	-0.0346	-0.0382	-0.0415
600426.SH	0.0296	0.0647	0.0843
600428.SH	0.0001	0.0006	0.0042
600429.SH	0.003	0.027	0.0301
600432.SH	-0.0381	-0.1044	-0.1223
600433.SH	0.0045	0.0169	0.0249
600435.SH	0.0042	0.002	0.0019
600436.SH	0.0454	0.0959	0.1467
600438.SH	-0.0023	0.0514	0.1631
600439.SH	0.0157	0.033	0.0508
600444.SH	-0.0234	-0.0392	0.0151
600446.SH	0.0222	0.0295	0.0743
600448.SH	0.0036	0.0071	0.0136
600449.SH	-0.0222	-0.01	0.021
600452.SH	0.034	0.1051	0.1718
600455.SH	-0.0262	-0.0478	-0.0337
600456.SH	-0.0147	-0.027	-0.0348
600458.SH	0.0145	0.0382	0.0426
600459.SH	0.0089	0.0228	0.0316
600460.SH	0.0009	0.0102	0.025
600461.SH	0.02	0.0537	0.0896
600462.SH	-0.0044	0.0008	0.0137
600463.SH	0.0012	0.0155	0.0181
600466.SH	-0.0109	0.0024	0.0229
600467.SH	0.0027	0.0129	0.0133
600468.SH	0.0086	0.0227	0.0328
600469.SH	0.0213	0.0506	0.0632
600470.SH	-0.0159	-0.0152	-0.0294
600475.SH	0.018	0.0349	0.0477
600476.SH	-0.0279	-0.0223	-0.025
600477.SH	0.0217	0.1251	0.1645
600478.SH	-0.0236	-0.0439	-0.0829
600479.SH	0.0127	0.0228	0.0398
600480.SH	0.0183	0.0443	0.0554
600481.SH	0.0173	0.0296	0.0623
600482.SH	0.0209	0.0343	0.0488
600483.SH	0.0183	0.0525	0.0861
600485.SH	0.0404	0.118	0.1189
600486.SH	0.0298	0.0669	0.0915
600487.SH	0.0244	0.0803	0.2038
600488.SH	0.0065	0.0163	0.0206
600489.SH	0.0061	0.0168	0.0351
600490.SH	0.0168	0.0106	0.027
600491.SH	0.0161	0.0303	0.0468
600493.SH	0.0045	0.0079	0.0223
600495.SH	0.0013	0.0043	0.0018
600496.SH	0.0095	0.0265	0.0379
600497.SH	-0.0072	0.0019	0.0082
600498.SH	0.0172	0.0564	0.0765
600499.SH	0.0324	0.0652	0.0875
600500.SH	0.006	0.0147	0.0199
600501.SH	-0.0083	-0.0024	-0.0033
600502.SH	0.0175	0.0311	0.063
600503.SH	0.0033	0.0236	0.034
600505.SH	0.0051	0.0025	0.0441
600506.SH	-0.0044	-0.0132	-0.0171
600507.SH	0.0302	0.1215	0.2074
600508.SH	0.0005	0.0352	0.0365
600509.SH	0.0169	0.0278	0.0586
600510.SH	0.0092	0.0265	0.0375
600511.SH	0.0397	0.0929	0.1353
600512.SH	0.0003	0.0217	0.0182
600513.SH	0.016	0.0375	0.0577
600515.SH	0.011	0.01	0.0772
600516.SH	0.0019	0.0026	0.0135
600517.SH	0.0239	0.0622	0.0843
600518.SH	0.0514	0.0761	0.1097
600519.SH	0.0737	0.1366	0.1881
600520.SH	-0.0228	-0.0152	-0.0089
600521.SH	0.0333	0.0691	0.101
600522.SH	0.0304	0.0691	0.105
600523.SH	0.0089	0.0379	0.0498
600525.SH	0.019	0.0499	0.0755
600526.SH	0.0077	0.0094	0.0206
600527.SH	0.0013	0.0043	0.0069
600528.SH	0.0101	0.0124	0.0186
600529.SH	0.0174	0.0383	0.0571
600530.SH	0.0176	0.0339	0.0782
600531.SH	0.0222	0.026	0.0434
600532.SH	-0.0165	-0.04	-0.0402
600533.SH	0.0024	0.0059	0.0118
600535.SH	0.0364	0.0905	0.1298
600536.SH	-0.0225	-0.0279	-0.0743
600537.SH	0.0334	0.0976	0.1329
600538.SH	-0.0094	-0.0183	-0.0295
600539.SH	-0.012	-0.0576	-0.083
600540.SH	-0.0061	-0.0068	-0.0053
600543.SH	0.0148	0.0115	0.0197
600545.SH	-0.0258	-0.0411	-0.1133
600546.SH	-0.0134	-0.1243	-0.141
600547.SH	0.0226	0.0562	0.0737
600548.SH	0.0201	0.05	0.0759
600549.SH	0.0031	0.0104	0.0232
600550.SH	0.0428	0.1905	0.0355
600551.SH	0.0265	0.0557	0.0715
600552.SH	0.0046	0.0122	0.0275
600555.SH	-0.0257	-0.0105	-0.0132
600556.SH	-0.0821	-0.4702	-0.7568
600557.SH	0.0289	0.0662	0.0998
600558.SH	0.0065	0.0156	0.0211
600559.SH	0.0196	0.0161	0.0533
600560.SH	0.0111	0.0203	0.0204
600561.SH	0.0089	0.0	0.0
600562.SH	0.0233	0.0648	0.1017
600563.SH	0.043	0.0933	0.1399
600565.SH	0.0124	0.0206	0.021
600566.SH	0.0754	0.1511	0.2229
600567.SH	0.0098	0.0244	0.0289
600568.SH	0.009	0.0356	0.0409
600569.SH	-0.0376	0.0199	0.0294
600570.SH	0.0293	0.0678	0.0841
600571.SH	0.0135	0.0588	0.079
600572.SH	0.0363	0.0729	0.1057
600573.SH	-0.0166	-0.0151	0.0006
600575.SH	0.0197	0.038	0.0676
600576.SH	0.0071	0.0211	0.0397
600577.SH	0.0161	0.0408	0.0614
600578.SH	0.0207	0.0416	0.0693
600579.SH	-0.0084	0.0017	0.0025
600580.SH	0.0152	0.0321	0.0338
600581.SH	None	None	None
600582.SH	0.0016	0.0216	0.0272
600583.SH	0.0215	0.0381	0.0486
600584.SH	0.0066	0.0025	0.0136
600585.SH	0.0163	0.0472	0.0827
600586.SH	0.0019	0.0052	0.0107
600587.SH	0.0132	0.0287	0.0445
600588.SH	-0.0399	-0.0335	-0.0662
600589.SH	0.0106	0.0201	0.0317
600590.SH	0.0051	0.0108	0.0197
600592.SH	0.0015	0.0002	-0.0022
600593.SH	-0.0253	0.0065	0.1682
600594.SH	0.0228	0.0471	0.0782
600595.SH	0.0234	0.03	0.0358
600596.SH	-0.012	-0.0044	-0.0032
600597.SH	0.0256	0.0521	0.0901
600598.SH	0.0152	0.1046	0.1381
600599.SH	0.0009	-0.0179	-0.0034
600600.SH	0.0319	0.0639	0.1095
600601.SH	-0.0152	-0.0273	-0.0321
600602.SH	0.0092	0.0214	0.0667
600603.SH	None	None	None
600604.SH	0.0078	0.0253	0.0382
600605.SH	0.006	0.0256	0.0397
600606.SH	0.0418	0.0857	0.1081
600608.SH	-1.0745	-5.2285	None
600609.SH	-0.0379	-0.1758	-0.2955
600610.SH	-0.0055	-0.0132	-0.0149
600611.SH	0.0106	0.0294	0.049
600612.SH	0.0519	0.1093	0.1719
600613.SH	0.0169	0.0308	0.0437
600614.SH	0.0108	0.0271	0.0423
600615.SH	0.0033	0.016	0.0171
600616.SH	0.0314	0.0178	0.0279
600617.SH	0.0521	0.0814	0.1022
600618.SH	0.0042	0.0054	-0.0207
600619.SH	0.0041	0.0094	0.0141
600620.SH	-0.0013	0.0145	0.0147
600621.SH	0.0626	0.0748	0.0753
600622.SH	0.0254	0.0331	0.0426
600623.SH	0.0094	0.0129	0.0168
600624.SH	0.0067	0.0217	0.0354
600626.SH	0.0234	0.0341	0.0641
600628.SH	0.0055	0.013	0.0129
600629.SH	0.0348	0.1196	0.1677
600630.SH	0.0132	0.0295	0.041
600633.SH	0.0397	0.0712	0.092
600634.SH	0.0003	0.0125	0.0164
600635.SH	0.0248	0.0538	0.0752
600636.SH	0.0031	0.0156	-0.0695
600637.SH	0.0137	0.0509	0.0758
600638.SH	0.0083	0.0223	0.0369
600639.SH	0.011	0.0394	0.0536
600640.SH	0.0023	0.0053	0.0097
600641.SH	0.0182	0.0168	0.0574
600642.SH	0.0242	0.0484	0.0749
600643.SH	0.0199	0.053	0.0774
600644.SH	0.0312	0.1512	0.2174
600645.SH	-0.004	0.0103	0.0036
600647.SH	0.0022	0.2428	0.2354
600648.SH	0.0034	0.0407	0.068
600649.SH	0.035	0.072	0.0915
600650.SH	0.0146	0.0386	0.0538
600651.SH	0.0063	0.0173	0.0338
600652.SH	0.0039	0.0111	0.0136
600653.SH	-0.0433	-0.0403	-0.0852
600654.SH	0.0189	0.0699	0.0935
600655.SH	0.0041	0.0163	0.0476
600657.SH	-0.0178	0.0156	0.0206
600658.SH	0.0026	0.0301	0.0282
600660.SH	0.0349	0.0897	0.1307
600661.SH	0.0167	0.0469	0.1509
600662.SH	0.0114	0.0291	0.0412
600663.SH	0.0264	0.0683	0.0998
600664.SH	0.0137	0.0523	0.083
600665.SH	-0.0052	-0.0221	-0.066
600666.SH	0.0144	0.031	0.0494
600667.SH	0.0163	0.0162	0.0243
600668.SH	0.0117	0.0475	0.0759
600671.SH	-0.0904	-0.1555	-0.0083
600673.SH	0.0036	0.01	0.0196
600674.SH	0.0493	0.0763	0.1474
600675.SH	-0.0319	-0.0232	0.1063
600676.SH	0.0206	0.0404	0.0554
600677.SH	0.005	0.0048	0.0064
600678.SH	-0.3604	-0.8604	-1.3636
600679.SH	0.0047	0.014	0.028
600680.SH	-0.0032	0.0013	-0.0308
600681.SH	0.0707	0.1584	0.3043
600682.SH	-0.0781	-0.1214	-0.2211
600683.SH	0.018	0.0202	0.0495
600684.SH	0.0162	0.0674	0.1069
600685.SH	0.0001	0.0036	0.0006
600686.SH	0.0144	0.042	-0.0269
600687.SH	0.0387	0.0469	0.0625
600688.SH	0.0561	0.1484	0.193
600689.SH	-0.0249	-0.0542	-0.0142
600690.SH	0.0687	0.1375	0.1601
600691.SH	0.0026	-0.0771	-0.1784
600692.SH	0.0131	0.0184	0.0528
600693.SH	0.0124	0.0056	0.0045
600694.SH	0.045	0.0779	0.0975
600695.SH	-0.0317	-0.0189	0.0053
600696.SH	-0.0373	-0.08	-0.0859
600697.SH	0.0244	0.0684	0.0929
600698.SH	0.005	0.0111	0.012
600699.SH	0.0315	0.0628	0.1014
600701.SH	0.0016	0.0286	0.0145
600702.SH	0.0054	0.0103	0.0241
600703.SH	0.0283	0.059	0.0915
600704.SH	0.0149	0.0388	0.0649
600705.SH	0.0264	0.0544	0.0788
600706.SH	0.0163	0.0498	0.0763
600707.SH	-0.031	-0.0719	-0.0608
600708.SH	0.005	0.0178	0.0263
600710.SH	-0.0405	-0.0752	-0.0949
600711.SH	0.0015	0.014	0.0301
600712.SH	0.0007	-0.0047	-0.014
600713.SH	0.0213	0.0349	0.0546
600714.SH	-0.0279	-0.0922	0.1684
600715.SH	0.0446	0.0592	0.0878
600716.SH	0.0004	0.0022	0.0043
600717.SH	0.0194	0.0445	0.0677
600718.SH	0.0042	0.0146	0.2928
600719.SH	0.1092	0.037	-0.0258
600720.SH	-0.0412	-0.0039	0.042
600721.SH	-0.2166	-0.5564	0.1064
600722.SH	0.0016	0.0067	0.0182
600723.SH	0.0211	0.045	0.0621
600724.SH	0.0893	0.1411	0.1643
600725.SH	None	None	None
600726.SH	0.1266	0.0977	0.0765
600727.SH	0.0045	0.0121	0.0174
600728.SH	-0.0058	0.0004	0.0005
600729.SH	0.0677	0.0814	0.084
600730.SH	-0.0064	-0.0156	0.3704
600731.SH	0.0059	0.0159	0.0079
600732.SH	-0.0208	-0.0884	-0.1055
600733.SH	-0.01	-0.019	-0.029
600734.SH	0.1237	0.0692	0.0997
600735.SH	0.0177	0.0356	0.0604
600736.SH	0.0161	0.0524	0.0578
600737.SH	-0.0031	0.0159	0.0538
600738.SH	0.02	0.0333	0.0452
600739.SH	0.0167	0.0408	0.0467
600740.SH	-0.0509	-0.0442	-0.0156
600741.SH	0.0452	0.0986	0.1404
600742.SH	0.0185	0.0439	0.0836
600743.SH	0.0086	0.0552	0.0655
600744.SH	0.0051	-0.0668	-0.0012
600745.SH	0.0013	0.0039	0.0078
600746.SH	0.003	0.032	0.0537
600747.SH	-0.0066	-0.0189	-0.0263
600748.SH	0.0154	0.0305	0.0464
600749.SH	-0.0467	-0.0639	-0.0422
600750.SH	0.0447	0.0822	0.1055
600751.SH	0.0013	0.0074	0.0176
600753.SH	0.0002	-0.0257	-0.0324
600754.SH	0.0201	0.0369	0.0484
600755.SH	0.0459	0.074	0.0937
600756.SH	0.0117	0.0151	0.028
600757.SH	0.0273	0.0585	0.0785
600758.SH	0.0047	-0.0461	-0.0636
600759.SH	0.0002	0.0032	0.0017
600760.SH	-0.0675	-0.1112	-0.0452
600761.SH	0.0227	0.0476	0.0734
600763.SH	0.0442	0.0843	0.14
600764.SH	0.0143	0.0253	0.042
600765.SH	0.0142	0.0224	0.033
600766.SH	0.0266	0.0526	0.072
600767.SH	-0.0613	-0.1082	-0.1655
600768.SH	-0.26	-0.3022	-0.5247
600769.SH	0.0362	0.0613	0.0498
600770.SH	0.0054	0.0096	0.0121
600771.SH	0.0113	0.0297	0.0611
600773.SH	0.0046	0.0144	0.0175
600774.SH	0.0061	0.0094	0.0121
600775.SH	0.0115	0.0168	0.0242
600776.SH	0.0057	0.017	0.0228
600777.SH	-0.0042	-0.0079	-0.016
600778.SH	0.0012	-0.0604	-0.1104
600779.SH	0.0593	0.0696	0.1115
600780.SH	0.0112	0.0182	0.0238
600781.SH	0.0154	0.0395	0.0561
600782.SH	-0.0114	0.0136	0.0336
600783.SH	0.0119	0.086	0.0931
600784.SH	0.0487	0.0456	0.0439
600785.SH	0.0293	0.0203	0.0261
600787.SH	0.0261	0.0464	0.0487
600789.SH	0.0023	0.007	0.0118
600790.SH	0.0214	0.0525	0.0665
600791.SH	0.0009	0.0233	0.0181
600792.SH	-0.0075	-0.0125	-0.0092
600793.SH	-0.2777	-0.5615	-1.7432
600794.SH	0.0041	0.0143	0.0186
600795.SH	0.0355	0.0701	0.0936
600796.SH	0.0237	0.0409	0.0637
600797.SH	-0.0069	0.017	0.0755
600798.SH	0.0005	0.0024	0.0206
600800.SH	-0.1587	-0.5121	-0.6003
600801.SH	-0.0143	0.0008	0.0167
600802.SH	-0.0893	-0.1266	-0.0859
600803.SH	0.0106	0.04	0.0445
600804.SH	0.0332	0.0698	0.1049
600805.SH	0.005	0.0128	0.0141
600806.SH	-0.0305	-0.1305	-0.2019
600807.SH	-0.0039	0.0383	0.0481
600808.SH	-0.019	0.0242	0.0403
600809.SH	0.0644	0.0803	0.0999
600810.SH	0.0046	0.0162	0.0307
600811.SH	0.0222	0.0301	0.0341
600812.SH	0.0026	0.0057	0.0122
600814.SH	0.0296	0.0544	0.0666
600815.SH	-0.0241	-0.0795	-0.1866
600816.SH	0.0965	0.208	0.3229
600817.SH	-0.0001	-0.0046	-0.0095
600818.SH	0.0116	0.0275	0.1546
600819.SH	0.0016	0.0034	0.0146
600820.SH	0.019	0.0419	0.0619
600821.SH	0.0033	0.0034	0.005
600822.SH	0.0348	0.0049	0.0412
600823.SH	0.0129	0.0707	0.0719
600824.SH	0.0237	0.0477	0.0685
600825.SH	0.0035	0.0101	0.0142
600826.SH	0.1919	0.2031	0.2363
600827.SH	0.0267	0.044	0.0472
600828.SH	0.0851	0.1349	0.1778
600829.SH	0.0439	0.0845	0.1276
600830.SH	0.0082	0.0272	0.0402
600831.SH	0.0259	0.057	0.0523
600833.SH	0.0178	0.0318	0.0554
600834.SH	0.0132	0.0247	0.0431
600835.SH	0.0267	0.089	0.1338
600836.SH	0.0025	0.0037	0.0012
600837.SH	0.0162	0.0401	0.059
600838.SH	0.0152	0.1183	0.1357
600839.SH	0.0177	0.0375	0.0422
600841.SH	0.0073	0.0153	0.0194
600843.SH	0.0236	0.0556	0.0848
600844.SH	-0.0433	-0.0886	-0.0773
600845.SH	0.0193	0.0487	0.0642
600846.SH	0.0145	0.0253	0.0489
600847.SH	-0.0039	-0.0098	-0.002
600848.SH	0.0011	0.0203	0.0486
600850.SH	0.0369	0.0781	0.1226
600851.SH	0.0022	0.0267	0.036
600853.SH	-0.0107	0.0071	0.0188
600854.SH	0.0324	0.0274	0.0189
600855.SH	-0.0047	0.0126	0.01
600856.SH	0.0255	0.1185	0.1619
600857.SH	0.021	0.0426	0.0531
600858.SH	0.0166	0.0184	0.0121
600859.SH	0.0252	0.0466	0.0497
600860.SH	-0.0435	-0.0911	-0.1375
600861.SH	0.0122	0.0176	0.0339
600862.SH	-0.0033	0.0062	0.0228
600863.SH	0.0004	0.0362	0.0525
600864.SH	0.0112	0.0232	0.0427
600865.SH	0.0195	0.0402	0.0618
600866.SH	-0.0233	-0.0175	0.0144
600867.SH	0.0636	0.1261	0.1614
600868.SH	0.0114	0.0181	0.0343
600869.SH	0.0206	0.0427	0.0581
600870.SH	0.0598	0.0604	0.0451
600871.SH	-0.0708	-0.2011	-0.4373
600872.SH	0.0259	0.0561	0.0984
600873.SH	0.0263	0.0482	0.0781
600874.SH	0.0218	0.053	0.0809
600875.SH	0.0002	-0.015	-0.0474
600876.SH	0.0011	-0.0695	-0.2044
600877.SH	None	None	None
600879.SH	0.0063	0.0184	0.0405
600880.SH	0.0007	0.0017	0.0175
600881.SH	-0.0141	0.0044	0.0101
600882.SH	-0.0229	-0.0346	0.0309
600883.SH	-0.0023	-0.0051	0.0338
600884.SH	0.0065	0.0321	0.0406
600885.SH	0.045	0.1079	0.1541
600886.SH	0.0456	0.0564	0.1247
600887.SH	0.0748	0.159	0.211
600888.SH	0.003	0.0063	0.0102
600889.SH	0.0048	0.0116	0.0401
600890.SH	-0.0256	-0.0527	-0.0627
600891.SH	0.035	0.0506	0.0704
600892.SH	0.0126	0.0231	0.0412
600893.SH	-0.0068	0.0058	0.0199
600894.SH	0.0171	0.0527	0.1286
600895.SH	0.0302	0.0383	0.0505
600896.SH	-0.0214	-0.3487	-0.0803
600897.SH	0.0332	0.0696	0.1039
600898.SH	0.0059	0.021	0.0252
600900.SH	0.0205	0.0747	0.1518
600908.SH	0.0294	0.0636	0.0877
600909.SH	None	0.0402	None
600917.SH	0.0269	0.0593	0.0807
600919.SH	None	0.0826	0.1136
600926.SH	None	0.0714	0.1009
600936.SH	0.0544	0.0914	0.098
600958.SH	0.0123	0.0378	0.0497
600959.SH	0.0183	0.0341	0.0589
600960.SH	0.0076	0.0159	0.0183
600961.SH	0.042	0.0889	0.2226
600962.SH	0.0067	0.0118	0.0043
600963.SH	0.0009	0.0026	0.0035
600965.SH	0.0247	0.0518	0.0881
600966.SH	0.0027	0.0166	0.027
600967.SH	-0.021	-0.0171	-0.0144
600969.SH	0.0046	0.0187	0.0275
600970.SH	0.0199	0.0477	0.0732
600971.SH	0.0009	0.01	0.0205
600973.SH	0.0138	0.032	0.0625
600975.SH	0.0491	0.1259	0.1766
600976.SH	0.0233	0.0426	0.0566
600977.SH	None	0.1195	0.0961
600978.SH	0.0191	0.056	0.0863
600979.SH	0.0133	0.052	0.0703
600980.SH	0.0118	0.0255	0.0369
600981.SH	0.0111	0.0471	0.0719
600982.SH	0.0053	0.0156	0.0212
600983.SH	0.0289	0.0399	0.055
600984.SH	-0.0072	0.01	0.0224
600985.SH	0.0126	0.0469	0.0726
600986.SH	0.003	0.0389	0.0762
600987.SH	0.0328	0.0846	0.1251
600988.SH	0.0074	0.0409	0.069
600990.SH	0.0008	0.0082	0.029
600992.SH	0.0029	0.0062	0.0097
600993.SH	0.044	0.087	0.1122
600995.SH	0.0564	0.0788	0.0968
600997.SH	0.0024	0.0082	0.0304
600998.SH	0.0141	0.0309	0.0452
600999.SH	0.0209	0.0466	0.0816
601000.SH	0.0261	0.0601	0.0897
601001.SH	0.086	0.0763	0.0517
601002.SH	-0.0008	0.0094	0.0195
601003.SH	0.0035	0.0176	0.0275
601005.SH	-0.2842	-0.5786	-1.1651
601006.SH	0.0228	0.042	0.0583
601007.SH	0.0059	0.0123	0.0256
601008.SH	0.002	0.0019	0.0023
601009.SH	0.04	0.082	0.1118
601010.SH	0.0133	0.0372	0.046
601011.SH	0.0005	0.0033	0.0058
601012.SH	0.0462	0.1427	0.1441
601015.SH	0.0041	0.0149	0.0279
601016.SH	0.0113	0.0238	0.0213
601018.SH	0.0203	0.0367	0.0566
601020.SH	-0.0048	0.039	0.0814
601021.SH	0.0545	0.1084	0.1661
601028.SH	0.0103	0.0106	-0.1205
601038.SH	0.0196	0.0335	0.0528
601058.SH	0.0221	0.0479	0.0698
601069.SH	0.0226	0.04	0.0655
601088.SH	0.0156	0.0333	0.0578
601098.SH	0.0284	0.0724	0.1
601099.SH	0.0008	0.0155	0.0303
601100.SH	0.0012	0.0082	0.0118
601101.SH	-0.0155	-0.022	-0.0178
601106.SH	-0.0216	-0.0466	-0.1402
601107.SH	0.0269	0.053	0.0796
601111.SH	0.0399	0.0562	0.1139
601113.SH	-0.0078	-0.0064	0.0106
601116.SH	0.02	0.0321	0.0485
601117.SH	0.0145	0.032	0.0541
601118.SH	-0.011	-0.0275	-0.0353
601126.SH	0.0027	0.021	0.0407
601127.SH	None	0.0638	0.0933
601128.SH	None	0.0634	0.0869
601137.SH	0.0124	0.024	0.0629
601139.SH	0.0291	0.0741	0.1002
601155.SH	-0.0161	0.0687	0.0711
601158.SH	0.0221	0.0567	0.0925
601163.SH	0.0572	0.1325	0.11
601166.SH	0.0488	0.0917	0.1338
601168.SH	-0.0087	0.0027	0.0106
601169.SH	0.0443	0.0884	0.116
601177.SH	0.0058	0.0058	0.004
601179.SH	0.0125	0.0253	0.0409
601186.SH	0.0227	0.0496	0.0767
601188.SH	0.0204	0.0457	0.0706
601198.SH	0.0207	0.0571	0.0689
601199.SH	0.02	0.0747	0.1047
601208.SH	0.0063	0.0118	0.018
601211.SH	0.0248	0.053	0.0793
601216.SH	0.0233	0.0503	0.0783
601218.SH	0.0116	0.0245	0.038
601222.SH	0.0221	0.034	0.0545
601225.SH	-0.0012	0.008	0.0322
601226.SH	0.0043	0.0035	0.0045
601229.SH	0.0386	0.0763	0.1115
601231.SH	0.0123	0.0385	0.0757
601233.SH	0.0223	0.0407	0.0643
601238.SH	0.0485	0.099	0.1374
601258.SH	0.0031	0.005	0.0127
601288.SH	0.0443	0.0853	0.1223
601311.SH	0.0217	0.0421	0.0705
601313.SH	0.0233	0.0555	0.0805
601318.SH	0.0607	0.1168	0.1584
601328.SH	0.035	0.0693	0.0914
601333.SH	0.0118	0.0248	0.0393
601336.SH	0.0347	0.0577	0.0814
601339.SH	0.0147	0.0442	0.058
601368.SH	0.0257	0.0428	0.0771
601369.SH	0.0165	0.0297	0.0343
601377.SH	0.0206	0.0455	0.0816
601388.SH	-0.0073	-0.0056	-0.003
601390.SH	0.0172	0.0414	0.069
601398.SH	0.0409	0.0824	0.1194
601500.SH	None	0.0516	0.0646
601515.SH	0.0545	0.0908	0.1279
601518.SH	0.0149	0.0371	0.0603
601519.SH	-0.0662	-0.0905	-0.3279
601555.SH	0.0188	0.0345	0.0686
601558.SH	-0.0562	-0.1212	-0.1673
601566.SH	0.0296	0.0466	0.0726
601567.SH	0.022	0.0441	0.0767
601579.SH	0.0382	0.0457	0.0342
601588.SH	0.0162	0.0349	0.0373
601595.SH	None	0.1457	0.1344
601599.SH	0.0037	0.039	0.054
601600.SH	0.0005	0.0015	0.0028
601601.SH	0.0165	0.0472	0.0668
601607.SH	0.0293	0.057	0.0799
601608.SH	0.0006	0.0024	-0.0378
601611.SH	0.0336	0.0386	0.07
601616.SH	-0.0057	-0.0291	-0.0344
601618.SH	0.0223	0.0396	0.0546
601628.SH	0.0165	0.0332	0.0428
601633.SH	0.0606	0.1232	0.1753
601636.SH	0.0064	0.0292	0.0808
601666.SH	0.0004	0.0095	0.0098
601668.SH	0.0372	0.0936	0.1398
601669.SH	0.0287	0.0603	0.0929
601677.SH	0.0139	0.0371	0.0544
601678.SH	0.0112	0.0102	0.0293
601688.SH	0.0154	0.0356	0.059
601689.SH	0.0391	0.0816	0.1338
601699.SH	0.0012	0.0029	0.005
601700.SH	0.0152	0.0401	0.0604
601717.SH	0.0021	0.0044	0.0134
601718.SH	0.0155	0.0415	0.0582
601727.SH	0.0125	0.032	0.0433
601766.SH	0.0203	0.0493	0.0762
601777.SH	0.0163	0.026	0.0274
601788.SH	0.0148	0.0384	0.0547
601789.SH	0.0222	0.0395	0.0564
601798.SH	0.0005	0.0091	0.0034
601799.SH	0.0353	0.0823	0.0838
601800.SH	0.0156	0.0473	0.0743
601801.SH	0.0419	0.0825	0.1031
601808.SH	-0.02	-0.198	-0.216
601811.SH	0.0244	0.049	0.0628
601818.SH	0.0371	0.0726	0.1037
601857.SH	-0.0117	0.0004	0.0015
601866.SH	-0.0428	-0.0467	-0.0352
601872.SH	0.0303	0.1088	0.1213
601877.SH	0.0472	0.1145	0.182
601880.SH	0.0078	0.014	0.0219
601882.SH	None	0.0393	0.0515
601886.SH	0.0126	0.0371	0.051
601888.SH	0.0604	0.0963	0.1251
601890.SH	0.0096	0.0143	0.0165
601898.SH	-0.0027	0.0074	0.0107
601899.SH	0.0023	0.0199	0.0524
601900.SH	0.0387	0.0663	0.1183
601901.SH	0.0242	0.0617	0.0756
601908.SH	0.0165	0.0379	0.0486
601918.SH	-0.0051	0.0088	0.0558
601919.SH	-0.19	-0.3207	-0.4273
601928.SH	0.0231	0.0675	0.0775
601929.SH	0.0173	0.0277	0.0384
601933.SH	0.0379	0.0546	0.0526
601939.SH	0.0463	0.0911	0.1295
601958.SH	-0.0064	-0.0076	-0.0027
601965.SH	0.0159	0.0292	0.0524
601966.SH	None	0.0943	0.1289
601968.SH	-0.0086	-0.0048	0.0062
601969.SH	-0.0136	-0.0243	-0.032
601985.SH	0.0265	0.0643	0.097
601988.SH	0.0351	0.0701	0.1001
601989.SH	0.0037	0.0126	0.0143
601991.SH	0.0151	0.0379	-0.0745
601992.SH	0.0039	0.0468	0.0552
601996.SH	0.0017	0.0177	0.0417
601997.SH	None	0.1053	0.1565
601998.SH	0.0347	0.0729	0.1047
601999.SH	0.0034	0.0269	0.0442
603000.SH	0.0143	0.0118	0.0278
603001.SH	0.0272	0.0523	0.0629
603002.SH	0.0083	0.0169	0.0191
603003.SH	0.008	0.0077	0.0003
603005.SH	0.0097	0.0157	0.0183
603006.SH	0.0463	0.0909	0.1239
603007.SH	None	0.1195	0.1008
603008.SH	0.021	0.0463	0.0788
603009.SH	0.0291	0.029	0.0432
603010.SH	0.0343	0.0718	0.1118
603011.SH	0.0122	0.0291	0.0348
603012.SH	0.0112	0.0291	0.0352
603015.SH	0.0135	0.0283	0.0338
603016.SH	0.0303	0.0542	0.0779
603017.SH	0.0183	0.0702	0.068
603018.SH	0.0234	0.0524	0.0697
603019.SH	0.0223	0.0303	0.0365
603020.SH	0.0331	0.0648	0.0877
603021.SH	0.0124	0.0295	0.0474
603022.SH	0.0128	0.032	0.0514
603023.SH	0.0541	0.0841	0.1302
603025.SH	0.0336	0.0849	0.1114
603026.SH	0.0291	0.0728	0.0962
603027.SH	0.0361	0.0738	0.1084
603028.SH	0.0179	0.0391	0.0524
603029.SH	0.0047	0.0144	0.0296
603030.SH	0.0066	0.025	0.0272
603031.SH	None	0.0632	0.0688
603033.SH	None	None	0.0857
603060.SH	None	0.1124	0.2092
603066.SH	0.0122	0.0446	0.0776
603067.SH	None	0.0669	0.0859
603069.SH	None	0.0546	0.0617
603077.SH	0.0085	0.0194	0.0223
603085.SH	0.0144	0.0404	0.0391
603088.SH	0.0041	0.0256	0.0455
603090.SH	None	0.0774	0.0853
603099.SH	-0.014	-0.0052	0.1011
603100.SH	0.0133	0.0354	0.0524
603101.SH	0.0329	0.0428	0.0669
603108.SH	0.0169	0.0518	0.0886
603111.SH	0.0431	0.1043	0.1467
603116.SH	0.0254	0.048	0.0673
603117.SH	0.0129	0.0347	0.0395
603118.SH	0.038	0.0565	0.0819
603123.SH	0.012	0.0158	0.0198
603126.SH	0.0142	0.0427	0.0672
603128.SH	0.0155	0.0712	0.0855
603131.SH	None	0.0656	0.1073
603158.SH	0.0364	0.0665	0.0967
603159.SH	None	0.0937	0.0945
603160.SH	0.0606	0.2386	0.4232
603166.SH	0.0055	0.0188	0.0288
603167.SH	0.0438	0.0617	0.0777
603168.SH	0.0569	0.1138	0.2141
603169.SH	-0.0032	0.0061	0.008
603188.SH	0.0479	0.1071	0.1579
603189.SH	None	0.0438	0.0373
603198.SH	0.0675	0.0865	0.1284
603199.SH	0.0296	0.0555	0.0715
603203.SH	None	0.1867	0.275
603222.SH	0.0094	0.0177	0.035
603223.SH	0.0197	0.0473	0.0741
603227.SH	-0.0033	0.0085	0.0011
603258.SH	None	0.2913	0.3837
603268.SH	0.0166	0.03	0.0489
603288.SH	0.097	0.1709	0.2274
603299.SH	0.0032	0.0036	0.0025
603300.SH	0.0158	0.0208	0.0321
603306.SH	0.0617	0.1062	0.1583
603308.SH	0.0116	0.0179	0.0222
603309.SH	0.018	0.0444	0.0747
603311.SH	0.0327	0.0744	0.0973
603313.SH	None	0.1218	0.1259
603315.SH	0.0186	0.0428	0.0534
603318.SH	-0.0257	0.0024	0.0054
603319.SH	None	0.0604	0.0984
603322.SH	0.0034	0.0389	0.0461
603323.SH	None	0.0584	0.0828
603328.SH	0.0268	0.0575	0.0936
603333.SH	-0.0012	-0.0121	-0.0208
603336.SH	None	0.0669	0.1044
603338.SH	0.0309	0.0881	0.1363
603339.SH	0.0385	0.0512	0.0831
603355.SH	0.0421	0.0841	0.1248
603366.SH	0.012	0.0368	0.0597
603368.SH	0.0294	0.0678	0.1038
603369.SH	0.0732	0.1265	0.1514
603377.SH	0.0048	0.1011	0.1788
603393.SH	None	0.1208	0.1003
603398.SH	0.0273	0.0544	0.089
603399.SH	-0.0275	-0.026	-0.0331
603421.SH	None	0.0717	0.1401
603456.SH	0.0149	0.0152	0.0342
603508.SH	0.0204	0.0314	0.0459
603515.SH	None	0.096	0.1262
603518.SH	0.0162	0.0209	0.0481
603519.SH	0.0275	0.0551	0.0782
603520.SH	0.0408	0.0765	0.1007
603528.SH	0.134	0.1841	0.2527
603555.SH	0.0339	0.0675	0.0762
603556.SH	None	0.1354	0.2064
603558.SH	0.0371	0.0591	0.0805
603559.SH	None	0.0372	0.0726
603566.SH	0.0322	0.0664	0.1123
603567.SH	0.0166	0.052	0.0928
603568.SH	0.0481	0.0968	0.1457
603569.SH	0.0801	0.1606	0.1754
603588.SH	-0.0065	0.0204	0.0407
603589.SH	0.0712	0.1075	0.1818
603598.SH	0.0219	0.0344	0.0498
603599.SH	0.0243	0.0441	0.0633
603600.SH	0.0501	0.102	0.1495
603601.SH	0.052	0.0414	0.0696
603606.SH	0.0083	0.0263	0.0329
603608.SH	0.0098	0.0494	0.0712
603609.SH	0.0253	0.0682	0.107
603611.SH	0.034	0.0697	0.1327
603616.SH	-0.022	-0.0383	-0.008
603618.SH	0.0199	0.0466	0.0653
603633.SH	None	0.0515	None
603636.SH	-0.0145	0.0215	0.028
603658.SH	None	0.1864	0.2247
603660.SH	None	None	0.0378
603663.SH	0.0317	0.0698	0.0962
603667.SH	None	0.0663	0.0982
603669.SH	0.0232	0.0663	0.0906
603678.SH	0.0284	0.0738	0.0851
603686.SH	0.047	0.0959	0.1399
603688.SH	0.0112	0.0285	0.0448
603696.SH	0.0135	0.0285	0.0438
603698.SH	0.0017	0.0253	0.0193
603699.SH	0.0272	0.0582	0.0793
603701.SH	0.0539	0.0887	0.1295
603703.SH	0.0101	0.0229	0.0367
603716.SH	None	0.0755	0.1026
603718.SH	0.03	0.0546	0.0754
603726.SH	0.022	0.0574	0.0851
603727.SH	None	0.0949	None
603729.SH	-0.0044	0.0258	0.0356
603737.SH	-0.0255	0.0465	0.0725
603738.SH	None	0.0913	0.0994
603766.SH	0.0369	0.0799	0.1188
603777.SH	None	0.0622	0.0553
603778.SH	0.0142	0.0288	0.0559
603779.SH	0.0209	0.0332	0.0453
603788.SH	0.0514	0.1024	0.1488
603789.SH	0.0182	0.0347	0.049
603798.SH	0.0593	0.1113	0.1731
603799.SH	-0.0147	-0.0131	0.0046
603800.SH	-0.0205	-0.032	-0.04
603806.SH	0.0367	0.1016	0.1381
603808.SH	0.0156	0.0319	0.0574
603816.SH	None	0.2481	0.357
603818.SH	0.0128	0.0583	0.1044
603819.SH	None	0.053	0.0728
603822.SH	0.0119	0.033	0.0537
603828.SH	0.0186	0.0254	0.0316
603838.SH	0.0238	0.0476	0.0749
603843.SH	None	0.033	0.0523
603858.SH	None	0.0812	0.1617
603859.SH	None	0.0147	0.0207
603861.SH	0.0164	0.0307	0.0432
603866.SH	0.0433	0.1029	0.1704
603868.SH	0.1232	0.1547	0.2877
603869.SH	0.005	0.0362	0.0574
603883.SH	0.035	0.0644	0.0948
603885.SH	0.1264	0.1319	0.2298
603887.SH	None	0.1075	0.0957
603888.SH	None	0.0927	0.1439
603889.SH	0.029	0.0901	0.1274
603898.SH	0.0144	0.0725	0.1534
603899.SH	0.0651	0.1151	0.1757
603900.SH	0.0784	0.1303	0.1558
603901.SH	0.0188	0.0519	0.083
603909.SH	0.0416	0.0624	0.0907
603918.SH	-0.0116	0.0008	0.0091
603919.SH	0.081	0.0994	0.1366
603936.SH	0.0079	0.0289	0.0433
603939.SH	0.0364	0.0764	0.074
603958.SH	0.0511	0.0602	0.0622
603959.SH	None	0.0312	0.0815
603968.SH	0.0174	0.0622	0.0882
603969.SH	0.0039	0.0305	0.065
603977.SH	None	0.0898	0.1386
603979.SH	0.0123	0.0302	0.0459
603986.SH	None	0.1455	0.16
603987.SH	None	0.0677	0.1103
603988.SH	0.0174	0.0289	0.0384
603989.SH	0.0312	0.079	0.1165
603993.SH	0.0081	0.0295	0.0332
603996.SH	0.0019	0.0076	0.0452
603997.SH	0.0436	0.0839	0.127
603998.SH	0.0177	0.0425	0.0633
603999.SH	0.0074	0.0201	0.0388
