3679
3164
3190
3113
3139
3165
3191
3167
3116
3168
3194
3144
3196
3119
3145
3171
3197
3237
3263
3238
3239
3240
3266
3315
3341
3316
3342
3317
3318
3344
3393
3419
3394
3420
3395
3421
3396
3471
3497
3472
3473
3499
3474
3549
3550
5725
5746
5767
5788
5726
5747
5768
5789
5728
5770
5791
5750
5752
5773
3552
3578
3658
3633
3659
3635
3636
3638
3639
3665
3641
3642
3644
3670
3645
3671
3647
3673
3648
3650
3676
3651
5794
5753
5774
5795
5839
5860
5861
5841
5862
5842
5902
5903
5924
5925
5986
5966
5987
5967
5988
5968
5989
6028
6050
6030
6051
6052
6112
6092
6113
6114
8571
8572
6159
6140
6163
6165