3680
3679
3164
3190
3113
3139
3165
3191
3115
3141
3167
3193
3116
3142
3168
3194
3118
3144
3170
3196
3119
3145
3171
3197
3237
3263
3238
3264
3239
3265
3240
3266
3315
3341
3316
3342
3317
3343
3318
3344
3393
3419
3394
3420
3395
3421
3396
3422
3471
3497
3472
3498
3473
3499
3474
3500
3549
3575
3550
3576
3551
3577
3552
3578
3632
3658
3633
3659
3635
3661
3636
3662
3638
3664
3639
3665
3641
3667
5725
5746
5767
5788
5726
5747
5768
5789
5728
5749
5770
5791
5792
5771
5750
5729
5731
5752
5773
5794
5732
5753
3642
3668
3644
3670
3645
3671
3647
3673
3648
3674
3650
3676
3651
3677
5774
5795
5839
5860
5840
5861
5841
5862
5842
5863
5902
5923
5903
5924
5904
5925
5905
5926
5965
5986
5966
5987
5967
5988
5968
5989
6028
6049
6029
6050
6030
6051
6031
6052
6091
6112
6092
6113
6093
6114
6094
6115
8571
8572
6138
6159
6140
6161
6141
6162
6142
6163
6143
6164
6144
6165
6145
6166
6147
6168
6148
6169
6149
6170
6150
6171
6151
6172
6152
6173
4767
5710
4813
4836
4768
4791
4814
4837
4770
5711
4816
5712
4771
4794
4817
4840
5713
4796
4819
4842
4774
4797
4820
5709
4878
4901
4879
4902
4880
4903
4881
4904
4947
4970
4948
4971
4949
4972
4950
4973
5016
5039
5017
5040
5018
5041
5019
5042
5085
5108
5086
5109
5087
5110
5088
5111
5154
5177
5155
5178
5156
5179
5157
5180
5228
5251
5229
5252
5231
5254
5232
5255
5234
5257
5235
5258
5237
5260
5238
5261
5240
5263
5241
5264
5243
5266
5244
5267
6714
6734
6754
6774
6715
6735
6755
6775
6717
6737
6757
6777
6718
6738
6758
7658
6720
6740
6760
7653
6721
6741
6761
7657
6823
6843
6824
6844
6825
6845
6826
6846
6883
6903
6884
6904
6885
6905
6886
6906
6943
6963
6944
6964
6945
6965
6946
6966
7003
7023
7004
7024
7005
7025
7006
7026
7063
7083
7064
7084
7065
7085
7066
7086
7121
7141
7120
7140
7118
7138
7117
7137
7115
7135
7114
7134
7112
7132
7111
7131
7109
7129
7108
7128
7664
7682
7700
7718
7719
7701
7683
7665
7667
7685
7703
7721
7722
7704
7686
7668
7670
7688
7706
7724
7725
8056
7689
7671
7763
7764
7765
8060
7784
7783
7782
7781
7817
7818
7819
8061
7838
7837
7836
7835
7871
7872
7873
8062
7892
7891
7890
7889
7925
7926
7927
8063
7946
7945
7944
7943
7979
7980
7981
8064
8055
7999
7998
7997
8030
8048
8047
8029
8027
8045
8044
8026
8024
8042
8041
8023
8021
8039
8038
8020
7152
7175
7198
7221
7222
7199
7176
7153
7155
7178
7201
7224
7225
7202
7179
7156
7158
7181
7204
7227
7228
7205
7182
7159
7265
7264
7263
7262
7285
7286
7287
7288
7334
7333
7332
7331
7354
7355
7356
7357
7403
7402
7401
7400
7423
7424
7425
7426
7472
7471
7470
7469
7492
7493
7494
7495
7541
7540
7539
7538
7561
7562
7563
7564
7612
7635
7636
7613
7615
7638
7639
7616
7618
7641
7642
7619
7621
7644
7645
7622
7624
7647
7648
7625
7627
7650
7651
7628